 $DATA

C1       0
O           8.0      0.0000000000      0.0000000000     -0.3909478000
   S       8
     1          11720.0000000000  0.00071000
     2           1759.0000000000  0.00547000
     3            400.8000000000  0.02783700
     4            113.7000000000  0.10480000
     5             37.0300000000  0.28306200
     6             13.2700000000  0.44871900
     7              5.0250000000  0.27095200
     8              1.0130000000  0.01545800
   S       8
     1          11720.0000000000 -0.00016000
     2           1759.0000000000 -0.00126300
     3            400.8000000000 -0.00626700
     4            113.7000000000 -0.02571600
     5             37.0300000000 -0.07092400
     6             13.2700000000 -0.16541100
     7              5.0250000000 -0.11695500
     8              1.0130000000  0.55736800
   S       1
     1              0.3023000000  1.00000000
   S       1
     1              0.0789600000  1.00000000
   P       3
     1             17.7000000000  0.04301800
     2              3.8540000000  0.22891300
     3              1.0460000000  0.50872800
   P       1
     1              0.2753000000  1.00000000
   P       1
     1              0.0685600000  1.00000000
   D       1
     1              1.1850000000  1.00000000
   D       1
     1              0.3320000000  1.00000000
 
H           1.0      0.0000000000     -0.7638475000      0.1954739000
   S       3
     1             13.0100000000  0.01968500
     2              1.9620000000  0.13797700
     3              0.4446000000  0.47814800
   S       1
     1              0.1220000000  1.00000000
   S       1
     1              0.0297400000  1.00000000
   P       1
     1              0.7270000000  1.00000000
   P       1
     1              0.1410000000  1.00000000
 
H           1.0      0.0000000000      0.7638475000      0.1954739000
   S       3
     1             13.0100000000  0.01968500
     2              1.9620000000  0.13797700
     3              0.4446000000  0.47814800
   S       1
     1              0.1220000000  1.00000000
   S       1
     1              0.0297400000  1.00000000
   P       1
     1              0.7270000000  1.00000000
   P       1
     1              0.1410000000  1.00000000
 
 $END
--- CLOSED SHELL ORBITALS --- GENERATED AT Wed Nov 23 10:43:48 2016

E(RHF)=      -76.0416065243, E(NUC)=    9.1386085843,   10 ITERS
 $VEC
 1  1 1.00262371E+00 4.42522626E-03-7.83549798E-03-8.32764950E-04-0.00000000E+00
 1  2-0.00000000E+00 1.40616239E-03-0.00000000E+00-0.00000000E+00-4.32684709E-04
 1  3-0.00000000E+00-0.00000000E+00 5.33230673E-05-3.68391474E-04-3.19523403E-04
 1  4-2.93350826E-04-0.00000000E+00-0.00000000E+00-0.00000000E+00 2.33999107E-03
 1  5 2.26627666E-03 2.18076388E-03-0.00000000E+00-0.00000000E+00-0.00000000E+00
 1  6 7.19153361E-05-3.26319759E-04 1.52643679E-04-0.00000000E+00-2.25226005E-04
 1  7 1.69761428E-04-0.00000000E+00-1.69581995E-05 1.51998716E-04 7.19153361E-05
 1  8-3.26319759E-04 1.52643679E-04-0.00000000E+00 2.25226005E-04 1.69761428E-04
 1  9-0.00000000E+00 1.69581995E-05 1.51998716E-04
 2  1-1.89892093E-02 4.27439004E-01 3.84662702E-01 1.44575816E-03-0.00000000E+00
 2  2-0.00000000E+00 7.88785868E-02-0.00000000E+00-0.00000000E+00-3.15292356E-02
 2  3-0.00000000E+00-0.00000000E+00 2.47400119E-04-7.96815413E-03 4.73044932E-03
 2  4 1.87932613E-03-0.00000000E+00-0.00000000E+00-0.00000000E+00-8.81095452E-03
 2  5-4.75263219E-02-3.41062907E-02-0.00000000E+00-0.00000000E+00-0.00000000E+00
 2  6 2.07127780E-01 3.14814669E-02 9.15839519E-04-0.00000000E+00 3.59341345E-02
 2  7-2.15038608E-02-0.00000000E+00 1.26447028E-02-9.29096606E-03 2.07127780E-01
 2  8 3.14814669E-02 9.15839519E-04-0.00000000E+00-3.59341345E-02-2.15038608E-02
 2  9-0.00000000E+00-1.26447028E-02-9.29096606E-03
 3  1 0.00000000E+00 0.00000000E+00 0.00000000E+00 0.00000000E+00 0.00000000E+00
 3  2 4.98608689E-01 0.00000000E+00 0.00000000E+00 1.93758904E-01 0.00000000E+00
 3  3 0.00000000E+00 1.96253310E-02 0.00000000E+00 0.00000000E+00 0.00000000E+00
 3  4 0.00000000E+00 0.00000000E+00 0.00000000E+00 2.83998497E-02 0.00000000E+00
 3  5 0.00000000E+00 0.00000000E+00 0.00000000E+00 0.00000000E+00-3.08406924E-02
 3  6-3.48965900E-01-8.13893142E-02 4.84633820E-03 0.00000000E+00-2.63700219E-02
 3  7 3.44242201E-02 0.00000000E+00-4.59098313E-03 1.11676955E-03 3.48965900E-01
 3  8 8.13893142E-02-4.84633820E-03 0.00000000E+00-2.63700219E-02-3.44242201E-02
 3  9 0.00000000E+00-4.59098313E-03-1.11676955E-03
 4  1 1.10985770E-03-1.48970441E-01-3.30086447E-01-7.69385859E-02-0.00000000E+00
 4  2-0.00000000E+00 5.48989159E-01-0.00000000E+00-0.00000000E+00 3.26205466E-01
 4  3-0.00000000E+00-0.00000000E+00 3.97543434E-02-7.37967140E-03 3.96487491E-04
 4  4 1.81802887E-02-0.00000000E+00-0.00000000E+00-0.00000000E+00 5.34402608E-03
 4  5-1.46634644E-02 2.01589484E-02-0.00000000E+00-0.00000000E+00-0.00000000E+00
 4  6 2.11290659E-01 5.83421965E-02 3.78573528E-03-0.00000000E+00 3.04176991E-02
 4  7-7.61187533E-04-0.00000000E+00 2.04627041E-03 1.31262333E-02 2.11290659E-01
 4  8 5.83421965E-02 3.78573528E-03-0.00000000E+00-3.04176991E-02-7.61187533E-04
 4  9-0.00000000E+00-2.04627041E-03 1.31262333E-02
 5  1-0.00000000E+00-0.00000000E+00-0.00000000E+00-0.00000000E+00 6.28508113E-01
 5  2-0.00000000E+00-0.00000000E+00 4.50335164E-01-0.00000000E+00-0.00000000E+00
 5  3 6.91581174E-02-0.00000000E+00-0.00000000E+00-0.00000000E+00-0.00000000E+00
 5  4-0.00000000E+00-0.00000000E+00 1.37549657E-02-0.00000000E+00-0.00000000E+00
 5  5-0.00000000E+00-0.00000000E+00-0.00000000E+00 1.92188478E-02-0.00000000E+00
 5  6-0.00000000E+00-0.00000000E+00-0.00000000E+00 2.59800569E-02-0.00000000E+00
 5  7-0.00000000E+00 1.60601230E-02-0.00000000E+00-0.00000000E+00-0.00000000E+00
 5  8-0.00000000E+00-0.00000000E+00 2.59800569E-02-0.00000000E+00-0.00000000E+00
 5  9 1.60601230E-02-0.00000000E+00-0.00000000E+00
 6  1-5.79142126E-03 5.14132048E-02 2.28600621E-01 1.55387473E+00-0.00000000E+00
 6  2-0.00000000E+00 6.00364538E-02-0.00000000E+00-0.00000000E+00 1.31309617E-01
 6  3-0.00000000E+00-0.00000000E+00 2.13334794E-01-3.42837572E-03-3.36155584E-03
 6  4 4.00381701E-04-0.00000000E+00-0.00000000E+00-0.00000000E+00-1.16053631E-02
 6  5 6.52406569E-03-4.90795801E-03-0.00000000E+00-0.00000000E+00-0.00000000E+00
 6  6-1.95589338E-02-4.74011562E-01-8.35902604E-01-0.00000000E+00 4.75769643E-03
 6  7-2.34402020E-03-0.00000000E+00-8.25582986E-02 7.60406410E-02-1.95589338E-02
 6  8-4.74011562E-01-8.35902604E-01-0.00000000E+00-4.75769643E-03-2.34402020E-03
 6  9-0.00000000E+00 8.25582986E-02 7.60406410E-02
 7  1-0.00000000E+00-0.00000000E+00-0.00000000E+00-0.00000000E+00-0.00000000E+00
 7  2-6.66643687E-02-0.00000000E+00-0.00000000E+00-1.38792571E-01-0.00000000E+00
 7  3-0.00000000E+00-8.30038477E-01-0.00000000E+00-0.00000000E+00-0.00000000E+00
 7  4-0.00000000E+00-0.00000000E+00-0.00000000E+00-1.11631992E-03-0.00000000E+00
 7  5-0.00000000E+00-0.00000000E+00-0.00000000E+00-0.00000000E+00-1.86566653E-02
 7  6 8.87917233E-04-5.44217082E-01-2.94245768E+00-0.00000000E+00 5.73109892E-04
 7  7-4.17941452E-03-0.00000000E+00-1.01383509E-01 1.28085007E-01-8.87917233E-04
 7  8 5.44217082E-01 2.94245768E+00-0.00000000E+00 5.73109892E-04 4.17941452E-03
 7  9-0.00000000E+00-1.01383509E-01-1.28085007E-01
 8  1 2.87299959E-02 1.41702397E-02 4.36784437E-01 4.43454505E+00 0.00000000E+00
 8  2 0.00000000E+00-1.81443131E-01 0.00000000E+00 0.00000000E+00 6.42806734E-02
 8  3 0.00000000E+00 0.00000000E+00 1.97749067E+00 1.25469820E-02 3.81015584E-03
 8  4-6.88156081E-03 0.00000000E+00 0.00000000E+00 0.00000000E+00 9.15985096E-02
 8  5 1.98472759E-01 1.93493156E-01 0.00000000E+00 0.00000000E+00 0.00000000E+00
 8  6-3.00945773E-02-2.13463580E+00-6.34218590E-01 0.00000000E+00-2.97926665E-02
 8  7 2.09435373E-02 0.00000000E+00-4.51567252E-01 2.71874903E-01-3.00945773E-02
 8  8-2.13463580E+00-6.34218590E-01 0.00000000E+00 2.97926665E-02 2.09435373E-02
 8  9 0.00000000E+00 4.51567252E-01 2.71874903E-01
 9  1-0.00000000E+00-0.00000000E+00-0.00000000E+00-0.00000000E+00-1.74841576E-01
 9  2-0.00000000E+00-0.00000000E+00-2.47564427E-01-0.00000000E+00-0.00000000E+00
 9  3 1.44174914E+00-0.00000000E+00-0.00000000E+00-0.00000000E+00-0.00000000E+00
 9  4-0.00000000E+00-0.00000000E+00-1.70275529E-02-0.00000000E+00-0.00000000E+00
 9  5-0.00000000E+00-0.00000000E+00-0.00000000E+00 5.78353627E-02-0.00000000E+00
 9  6-0.00000000E+00-0.00000000E+00-0.00000000E+00 9.48740771E-03-0.00000000E+00
 9  7-0.00000000E+00-2.82603311E-01-0.00000000E+00-0.00000000E+00-0.00000000E+00
 9  8-0.00000000E+00-0.00000000E+00 9.48740771E-03-0.00000000E+00-0.00000000E+00
 9  9-2.82603311E-01-0.00000000E+00-0.00000000E+00
10  1-4.03950204E-02-2.10059117E-01-9.28428446E-03 2.78461762E+00 0.00000000E+00
10  2 0.00000000E+00-5.63762446E-02 0.00000000E+00 0.00000000E+00 1.48004777E-01
10  3 0.00000000E+00 0.00000000E+00-4.87675607E-01-1.16703360E-02-4.83539766E-03
10  4 1.80288383E-03 0.00000000E+00 0.00000000E+00 0.00000000E+00-4.96708410E-02
10  5 1.14789983E-04-8.36750577E-02 0.00000000E+00 0.00000000E+00 0.00000000E+00
10  6 4.83404607E-02-3.64949786E-01-6.80001916E-01 0.00000000E+00-2.06444857E-02
10  7 1.13802302E-02 0.00000000E+00-4.03128421E-01 4.43293551E-01 4.83404607E-02
10  8-3.64949786E-01-6.80001916E-01 0.00000000E+00 2.06444857E-02 1.13802302E-02
10  9 0.00000000E+00 4.03128421E-01 4.43293551E-01
11  1-0.00000000E+00-0.00000000E+00-0.00000000E+00-0.00000000E+00-0.00000000E+00
11  2-1.69675601E-01-0.00000000E+00-0.00000000E+00 2.57429576E-01-0.00000000E+00
11  3-0.00000000E+00 3.10544639E+00-0.00000000E+00-0.00000000E+00-0.00000000E+00
11  4-0.00000000E+00-0.00000000E+00-0.00000000E+00-8.60098910E-03-0.00000000E+00
11  5-0.00000000E+00-0.00000000E+00-0.00000000E+00-0.00000000E+00 9.85143100E-02
11  6 7.76591166E-02 2.63619494E+00 2.68178517E+00-0.00000000E+00 3.92426658E-02
11  7-2.20075412E-02-0.00000000E+00 5.88948388E-01-5.55757736E-01-7.76591166E-02
11  8-2.63619494E+00-2.68178517E+00-0.00000000E+00 3.92426658E-02 2.20075412E-02
11  9-0.00000000E+00 5.88948388E-01 5.55757736E-01
12  1-0.00000000E+00-0.00000000E+00-0.00000000E+00-0.00000000E+00-0.00000000E+00
12  2-2.23062698E-01-0.00000000E+00-0.00000000E+00-2.70438246E-01-0.00000000E+00
12  3-0.00000000E+00-9.21826884E-01-0.00000000E+00-0.00000000E+00-0.00000000E+00
12  4-0.00000000E+00-0.00000000E+00-0.00000000E+00 1.61584748E-02-0.00000000E+00
12  5-0.00000000E+00-0.00000000E+00-0.00000000E+00-0.00000000E+00-7.10370675E-02
12  6-1.28131704E-01-9.83981457E-01 2.87412777E-01-0.00000000E+00-1.37560271E-02
12  7-6.30279860E-04-0.00000000E+00 4.30079891E-01-4.76161395E-01 1.28131704E-01
12  8 9.83981457E-01-2.87412777E-01-0.00000000E+00-1.37560271E-02 6.30279860E-04
12  9-0.00000000E+00 4.30079891E-01 4.76161395E-01
13  1-1.74951133E-02-1.59613049E-02 2.16040052E-01 4.35322814E+00-0.00000000E+00
13  2-0.00000000E+00 9.12993735E-02-0.00000000E+00-0.00000000E+00 2.35104629E-01
13  3-0.00000000E+00-0.00000000E+00 5.93055733E-01 9.45547053E-03-3.33622145E-02
13  4 2.46642587E-02-0.00000000E+00-0.00000000E+00-0.00000000E+00-6.05566122E-02
13  5 1.18795188E-01-9.80357205E-02-0.00000000E+00-0.00000000E+00-0.00000000E+00
13  6-1.13184077E-01-2.33115148E+00-2.58121678E-01-0.00000000E+00-1.04244508E-02
13  7 2.98338806E-02-0.00000000E+00 3.69902160E-01 4.52417784E-01-1.13184077E-01
13  8-2.33115148E+00-2.58121678E-01-0.00000000E+00 1.04244508E-02 2.98338806E-02
13  9-0.00000000E+00-3.69902160E-01 4.52417784E-01
14  1 0.00000000E+00 0.00000000E+00 0.00000000E+00 0.00000000E+00 0.00000000E+00
14  2 0.00000000E+00 0.00000000E+00 0.00000000E+00 0.00000000E+00 0.00000000E+00
14  3 0.00000000E+00 0.00000000E+00 0.00000000E+00 0.00000000E+00 0.00000000E+00
14  4 0.00000000E+00-3.92762239E-02 0.00000000E+00 0.00000000E+00 0.00000000E+00
14  5 0.00000000E+00 0.00000000E+00 1.29993275E-01 0.00000000E+00 0.00000000E+00
14  6 0.00000000E+00 0.00000000E+00 0.00000000E+00 2.52230704E-03 0.00000000E+00
14  7 0.00000000E+00 1.13299606E+00 0.00000000E+00 0.00000000E+00 0.00000000E+00
14  8 0.00000000E+00 0.00000000E+00-2.52230704E-03 0.00000000E+00 0.00000000E+00
14  9-1.13299606E+00 0.00000000E+00 0.00000000E+00
15  1-6.03733472E-02-1.15027479E-01-2.15629088E-01 3.64746599E+00 0.00000000E+00
15  2 0.00000000E+00 1.78349143E-01 0.00000000E+00 0.00000000E+00 6.47843606E-01
15  3 0.00000000E+00 0.00000000E+00 1.72365709E+00 1.03001814E-03 2.17696504E-02
15  4-2.15938454E-02 0.00000000E+00 0.00000000E+00 0.00000000E+00-2.11156737E-01
15  5-2.74634339E-01-7.58678286E-02 0.00000000E+00 0.00000000E+00 0.00000000E+00
15  6-3.75913965E-02-1.72827499E+00-2.39223249E-01 0.00000000E+00-5.08978966E-02
15  7 6.54023535E-03 0.00000000E+00-1.62346648E-01-8.86712008E-01-3.75913965E-02
15  8-1.72827499E+00-2.39223249E-01 0.00000000E+00 5.08978966E-02 6.54023535E-03
15  9 0.00000000E+00 1.62346648E-01-8.86712008E-01
16  1 0.00000000E+00 0.00000000E+00 0.00000000E+00 0.00000000E+00-1.50601699E-01
16  2 0.00000000E+00 0.00000000E+00-6.51333210E-01 0.00000000E+00 0.00000000E+00
16  3-1.16734229E+00 0.00000000E+00 0.00000000E+00 0.00000000E+00 0.00000000E+00
16  4 0.00000000E+00 0.00000000E+00 2.32881096E-02 0.00000000E+00 0.00000000E+00
16  5 0.00000000E+00 0.00000000E+00 0.00000000E+00-7.10258864E-02 0.00000000E+00
16  6 0.00000000E+00 0.00000000E+00 0.00000000E+00 7.39159768E-04 0.00000000E+00
16  7 0.00000000E+00 1.19926725E+00 0.00000000E+00 0.00000000E+00 0.00000000E+00
16  8 0.00000000E+00 0.00000000E+00 7.39159768E-04 0.00000000E+00 0.00000000E+00
16  9 1.19926725E+00 0.00000000E+00 0.00000000E+00
17  1-0.00000000E+00-0.00000000E+00-0.00000000E+00-0.00000000E+00-0.00000000E+00
17  2-8.01125714E-02-0.00000000E+00-0.00000000E+00-1.29350268E-01-0.00000000E+00
17  3-0.00000000E+00-1.94735797E+00-0.00000000E+00-0.00000000E+00-0.00000000E+00
17  4-0.00000000E+00-0.00000000E+00-0.00000000E+00-1.79634753E-02-0.00000000E+00
17  5-0.00000000E+00-0.00000000E+00-0.00000000E+00-0.00000000E+00 4.33519405E-02
17  6 3.27018629E-02 1.36185194E+00-7.54735641E-01-0.00000000E+00-2.24896886E-02
17  7-2.36283043E-02-0.00000000E+00 2.28345424E+00 1.04047244E+00-3.27018629E-02
17  8-1.36185194E+00 7.54735641E-01-0.00000000E+00-2.24896886E-02 2.36283043E-02
17  9-0.00000000E+00 2.28345424E+00-1.04047244E+00
18  1 1.13781159E-01 3.37008809E-01 2.91373027E+00 7.42392711E+00-0.00000000E+00
18  2-0.00000000E+00 1.98461133E-01-0.00000000E+00-0.00000000E+00 9.30391136E-01
18  3-0.00000000E+00-0.00000000E+00 1.06779685E+00-9.46520329E-03-4.32256018E-03
18  4 1.04043239E-02-0.00000000E+00-0.00000000E+00-0.00000000E+00 6.44129206E-01
18  5 6.81418818E-01 6.41130712E-01-0.00000000E+00-0.00000000E+00-0.00000000E+00
18  6-1.68752473E-01-5.00546375E+00-6.10110109E-01-0.00000000E+00 5.34489204E-03
18  7-2.22993281E-03-0.00000000E+00-1.73377013E+00 1.47427991E+00-1.68752473E-01
18  8-5.00546375E+00-6.10110109E-01-0.00000000E+00-5.34489204E-03-2.22993281E-03
18  9-0.00000000E+00 1.73377013E+00 1.47427991E+00
19  1-0.00000000E+00-0.00000000E+00-0.00000000E+00-0.00000000E+00-0.00000000E+00
19  2-2.73666475E-01-0.00000000E+00-0.00000000E+00-1.79461164E+00-0.00000000E+00
19  3-0.00000000E+00-2.49418998E+00-0.00000000E+00-0.00000000E+00-0.00000000E+00
19  4-0.00000000E+00-0.00000000E+00-0.00000000E+00-2.47937786E-02-0.00000000E+00
19  5-0.00000000E+00-0.00000000E+00-0.00000000E+00-0.00000000E+00-1.03298316E-01
19  6-1.18248829E-01-8.27099889E+00-1.41168051E+00-0.00000000E+00-2.53215142E-02
19  7 4.21739511E-02-0.00000000E+00-3.14864078E+00 1.67262427E+00 1.18248829E-01
19  8 8.27099889E+00 1.41168051E+00-0.00000000E+00-2.53215142E-02-4.21739511E-02
19  9-0.00000000E+00-3.14864078E+00-1.67262427E+00
20  1-0.00000000E+00-0.00000000E+00-0.00000000E+00-0.00000000E+00-0.00000000E+00
20  2 2.63133137E-01-0.00000000E+00-0.00000000E+00-4.04559882E-01-0.00000000E+00
20  3-0.00000000E+00-1.23326877E+00-0.00000000E+00-0.00000000E+00-0.00000000E+00
20  4-0.00000000E+00-0.00000000E+00-0.00000000E+00-5.67202701E-02-0.00000000E+00
20  5-0.00000000E+00-0.00000000E+00-0.00000000E+00-0.00000000E+00-7.12058904E-01
20  6 4.20472967E-01-2.95555728E+00-2.14444949E-01-0.00000000E+00-1.30938261E-01
20  7 1.58455258E-01-0.00000000E+00-5.09214507E-01-3.95247002E-02-4.20472967E-01
20  8 2.95555728E+00 2.14444949E-01-0.00000000E+00-1.30938261E-01-1.58455258E-01
20  9-0.00000000E+00-5.09214507E-01 3.95247002E-02
21  1 7.40004659E-02-1.50182391E-02 7.86248399E-01 4.74145125E+00-0.00000000E+00
21  2-0.00000000E+00-8.50777463E-02-0.00000000E+00-0.00000000E+00 3.49830634E-01
21  3-0.00000000E+00-0.00000000E+00 1.28169786E+00-6.62971487E-03 5.25378400E-02
21  4 2.29305434E-02-0.00000000E+00-0.00000000E+00-0.00000000E+00-1.76272759E-01
21  5 1.03370749E+00 5.64644310E-01-0.00000000E+00-0.00000000E+00-0.00000000E+00
21  6 4.93237115E-01-3.69467715E+00-1.56789952E-01-0.00000000E+00-1.73170265E-01
21  7 8.54291054E-02-0.00000000E+00-3.10133483E-01 4.20938617E-01 4.93237115E-01
21  8-3.69467715E+00-1.56789952E-01-0.00000000E+00 1.73170265E-01 8.54291054E-02
21  9-0.00000000E+00 3.10133483E-01 4.20938617E-01
22  1 0.00000000E+00 0.00000000E+00 0.00000000E+00 0.00000000E+00 1.90131262E-01
22  2 0.00000000E+00 0.00000000E+00 3.23014886E-02 0.00000000E+00 0.00000000E+00
22  3 7.24986137E-01 0.00000000E+00 0.00000000E+00 0.00000000E+00 0.00000000E+00
22  4 0.00000000E+00 0.00000000E+00-2.13463976E-02 0.00000000E+00 0.00000000E+00
22  5 0.00000000E+00 0.00000000E+00 0.00000000E+00 1.12333766E+00 0.00000000E+00
22  6 0.00000000E+00 0.00000000E+00 0.00000000E+00 1.64667574E-02 0.00000000E+00
22  7 0.00000000E+00-5.82223459E-01 0.00000000E+00 0.00000000E+00 0.00000000E+00
22  8 0.00000000E+00 0.00000000E+00 1.64667574E-02 0.00000000E+00 0.00000000E+00
22  9-5.82223459E-01 0.00000000E+00 0.00000000E+00
23  1 9.42562533E-02 7.47461230E-02-5.81208172E-01-8.32945177E-01-0.00000000E+00
23  2-0.00000000E+00 1.50256797E-01-0.00000000E+00-0.00000000E+00-5.47525458E-02
23  3-0.00000000E+00-0.00000000E+00 5.02145756E-01 3.48477956E-02-5.00856373E-03
23  4-1.01843877E-02-0.00000000E+00-0.00000000E+00-0.00000000E+00-1.06618565E-01
23  5-3.62536590E-01 1.40007917E+00-0.00000000E+00-0.00000000E+00-0.00000000E+00
23  6-1.02724281E-01 3.10888963E-01 7.47092536E-02-0.00000000E+00 9.72010350E-02
23  7-5.82862308E-03-0.00000000E+00-2.08771530E-01-5.23613241E-01-1.02724281E-01
23  8 3.10888963E-01 7.47092536E-02-0.00000000E+00-9.72010350E-02-5.82862308E-03
23  9-0.00000000E+00 2.08771530E-01-5.23613241E-01
24  1-0.00000000E+00-0.00000000E+00-0.00000000E+00-0.00000000E+00-0.00000000E+00
24  2-0.00000000E+00-0.00000000E+00-0.00000000E+00-0.00000000E+00-0.00000000E+00
24  3-0.00000000E+00-0.00000000E+00-0.00000000E+00-0.00000000E+00-0.00000000E+00
24  4-0.00000000E+00-1.81654438E-02-0.00000000E+00-0.00000000E+00-0.00000000E+00
24  5-0.00000000E+00-0.00000000E+00 1.23487943E+00-0.00000000E+00-0.00000000E+00
24  6-0.00000000E+00-0.00000000E+00-0.00000000E+00-3.74254695E-02-0.00000000E+00
24  7-0.00000000E+00 7.31232824E-01-0.00000000E+00-0.00000000E+00-0.00000000E+00
24  8-0.00000000E+00-0.00000000E+00 3.74254695E-02-0.00000000E+00-0.00000000E+00
24  9-7.31232824E-01-0.00000000E+00-0.00000000E+00
25  1-2.93072874E-01-1.98886645E-01-8.11642857E-01-1.66406622E+00-0.00000000E+00
25  2-0.00000000E+00-1.70738381E-02-0.00000000E+00-0.00000000E+00-2.98574491E-01
25  3-0.00000000E+00-0.00000000E+00-3.09328662E-01-4.24563055E-03-6.09076976E-02
25  4-4.32113987E-02-0.00000000E+00-0.00000000E+00-0.00000000E+00-2.11756124E+00
25  5-9.25796081E-01-1.13467535E+00-0.00000000E+00-0.00000000E+00-0.00000000E+00
25  6-3.29837693E-01 2.63914773E+00-1.41602027E-02-0.00000000E+00 1.01280706E-01
25  7-3.36232732E-02-0.00000000E+00 9.08993178E-01-8.60915685E-01-3.29837693E-01
25  8 2.63914773E+00-1.41602027E-02-0.00000000E+00-1.01280706E-01-3.36232732E-02
25  9-0.00000000E+00-9.08993178E-01-8.60915685E-01
26  1-1.90962351E-01-2.19318803E-01 1.14077504E+00 2.75566339E+00-0.00000000E+00
26  2-0.00000000E+00-6.57711409E-01-0.00000000E+00-0.00000000E+00 1.26257767E+00
26  3-0.00000000E+00-0.00000000E+00 6.19191579E-01-6.84932822E-02 7.83559640E-02
26  4 1.05013949E-02-0.00000000E+00-0.00000000E+00-0.00000000E+00-3.66611927E-01
26  5-1.24392573E+00-1.12995827E-01-0.00000000E+00-0.00000000E+00-0.00000000E+00
26  6 3.05069723E-01-1.42566552E+00-1.72434828E-01-0.00000000E+00-3.05557395E-01
26  7 1.91930637E-01-0.00000000E+00-2.99316443E-01-3.09455027E-01 3.05069723E-01
26  8-1.42566552E+00-1.72434828E-01-0.00000000E+00 3.05557395E-01 1.91930637E-01
26  9-0.00000000E+00 2.99316443E-01-3.09455027E-01
27  1-0.00000000E+00-0.00000000E+00-0.00000000E+00-0.00000000E+00-0.00000000E+00
27  2 5.93167686E-01-0.00000000E+00-0.00000000E+00-1.96106032E+00-0.00000000E+00
27  3-0.00000000E+00-1.04113002E+00-0.00000000E+00-0.00000000E+00-0.00000000E+00
27  4-0.00000000E+00-0.00000000E+00-0.00000000E+00-1.11701063E-01-0.00000000E+00
27  5-0.00000000E+00-0.00000000E+00-0.00000000E+00-0.00000000E+00 7.66330563E-01
27  6 3.45633777E-01-4.35165052E+00-2.43697727E-01-0.00000000E+00-2.85130682E-01
27  7 2.97652529E-01-0.00000000E+00-1.21033641E+00 1.04681790E+00-3.45633777E-01
27  8 4.35165052E+00 2.43697727E-01-0.00000000E+00-2.85130682E-01-2.97652529E-01
27  9-0.00000000E+00-1.21033641E+00-1.04681790E+00
28  1 0.00000000E+00 0.00000000E+00 0.00000000E+00 0.00000000E+00-9.82445977E-01
28  2 0.00000000E+00 0.00000000E+00 1.60736771E+00 0.00000000E+00 0.00000000E+00
28  3 1.16151675E-01 0.00000000E+00 0.00000000E+00 0.00000000E+00 0.00000000E+00
28  4 0.00000000E+00 0.00000000E+00 1.92992839E-03 0.00000000E+00 0.00000000E+00
28  5 0.00000000E+00 0.00000000E+00 0.00000000E+00 3.93068602E-01 0.00000000E+00
28  6 0.00000000E+00 0.00000000E+00 0.00000000E+00-1.05551630E-02 0.00000000E+00
28  7 0.00000000E+00-5.58497185E-01 0.00000000E+00 0.00000000E+00 0.00000000E+00
28  8 0.00000000E+00 0.00000000E+00-1.05551630E-02 0.00000000E+00 0.00000000E+00
28  9-5.58497185E-01 0.00000000E+00 0.00000000E+00
29  1-0.00000000E+00-0.00000000E+00-0.00000000E+00-0.00000000E+00-0.00000000E+00
29  2-2.51164249E-01-0.00000000E+00-0.00000000E+00 7.11179521E-01-0.00000000E+00
29  3-0.00000000E+00 9.82958977E-01-0.00000000E+00-0.00000000E+00-0.00000000E+00
29  4-0.00000000E+00-0.00000000E+00-0.00000000E+00-6.05363044E-02-0.00000000E+00
29  5-0.00000000E+00-0.00000000E+00-0.00000000E+00-0.00000000E+00 6.30317337E-01
29  6 4.28381890E-01 7.18968388E-01 4.37742427E-01-0.00000000E+00 5.30012185E-01
29  7 6.42016608E-01-0.00000000E+00-3.86120777E-01-6.08775134E-01-4.28381890E-01
29  8-7.18968388E-01-4.37742427E-01-0.00000000E+00 5.30012185E-01-6.42016608E-01
29  9-0.00000000E+00-3.86120777E-01 6.08775134E-01
30  1-0.00000000E+00-0.00000000E+00-0.00000000E+00-0.00000000E+00-0.00000000E+00
30  2-0.00000000E+00-0.00000000E+00-0.00000000E+00-0.00000000E+00-0.00000000E+00
30  3-0.00000000E+00-0.00000000E+00-0.00000000E+00-0.00000000E+00-0.00000000E+00
30  4-0.00000000E+00-7.48682959E-02-0.00000000E+00-0.00000000E+00-0.00000000E+00
30  5-0.00000000E+00-0.00000000E+00 8.66029626E-01-0.00000000E+00-0.00000000E+00
30  6-0.00000000E+00-0.00000000E+00-0.00000000E+00 9.46504763E-01-0.00000000E+00
30  7-0.00000000E+00-8.78030967E-02-0.00000000E+00-0.00000000E+00-0.00000000E+00
30  8-0.00000000E+00-0.00000000E+00-9.46504763E-01-0.00000000E+00-0.00000000E+00
30  9 8.78030967E-02-0.00000000E+00-0.00000000E+00
31  1 6.47961024E-02-3.24738582E-02 2.26725065E+00 4.46749292E+00-0.00000000E+00
31  2-0.00000000E+00-6.78700029E-01-0.00000000E+00-0.00000000E+00 2.11496123E+00
31  3-0.00000000E+00-0.00000000E+00 6.58350467E-01 3.26858224E-02-1.25980257E-01
31  4-4.01500754E-02-0.00000000E+00-0.00000000E+00-0.00000000E+00 5.93928032E-01
31  5 2.31871355E+00 9.60944883E-01-0.00000000E+00-0.00000000E+00-0.00000000E+00
31  6-1.15322280E+00-3.64782745E+00-2.87587150E-01-0.00000000E+00 3.35582932E-01
31  7 1.63644783E-01-0.00000000E+00-1.09094648E+00 9.17417465E-01-1.15322280E+00
31  8-3.64782745E+00-2.87587150E-01-0.00000000E+00-3.35582932E-01 1.63644783E-01
31  9-0.00000000E+00 1.09094648E+00 9.17417465E-01
32  1 0.00000000E+00 0.00000000E+00 0.00000000E+00 0.00000000E+00-1.66607062E-02
32  2 0.00000000E+00 0.00000000E+00-7.57991378E-01 0.00000000E+00 0.00000000E+00
32  3 1.72434452E-01 0.00000000E+00 0.00000000E+00 0.00000000E+00 0.00000000E+00
32  4 0.00000000E+00 0.00000000E+00 6.27402736E-02 0.00000000E+00 0.00000000E+00
32  5 0.00000000E+00 0.00000000E+00 0.00000000E+00-6.81029405E-01 0.00000000E+00
32  6 0.00000000E+00 0.00000000E+00 0.00000000E+00 9.88464166E-01 0.00000000E+00
32  7 0.00000000E+00-9.17448403E-02 0.00000000E+00 0.00000000E+00 0.00000000E+00
32  8 0.00000000E+00 0.00000000E+00 9.88464166E-01 0.00000000E+00 0.00000000E+00
32  9-9.17448403E-02 0.00000000E+00 0.00000000E+00
33  1 3.53154406E-03-5.08722079E-02 9.49528430E-02 6.44053596E-01-0.00000000E+00
33  2-0.00000000E+00-3.27256254E-01-0.00000000E+00-0.00000000E+00 1.29446699E+00
33  3-0.00000000E+00-0.00000000E+00 9.32873615E-02-1.22752051E-02 5.41217308E-02
33  4-1.21434837E-01-0.00000000E+00-0.00000000E+00-0.00000000E+00 1.37524446E-01
33  5-7.39598994E-01 1.53806850E+00-0.00000000E+00-0.00000000E+00-0.00000000E+00
33  6-2.34434068E-01-5.01053197E-01-5.73122483E-02-0.00000000E+00-4.50346429E-01
33  7-1.06628680E+00-0.00000000E+00-2.89463057E-01 6.86186152E-02-2.34434068E-01
33  8-5.01053197E-01-5.73122483E-02-0.00000000E+00 4.50346429E-01-1.06628680E+00
33  9-0.00000000E+00 2.89463057E-01 6.86186152E-02
34  1-0.00000000E+00-0.00000000E+00-0.00000000E+00-0.00000000E+00-0.00000000E+00
34  2 9.69909199E-01-0.00000000E+00-0.00000000E+00-2.16438708E+00-0.00000000E+00
34  3-0.00000000E+00-5.42973214E-01-0.00000000E+00-0.00000000E+00-0.00000000E+00
34  4-0.00000000E+00-0.00000000E+00-0.00000000E+00 4.34880537E-02-0.00000000E+00
34  5-0.00000000E+00-0.00000000E+00-0.00000000E+00-0.00000000E+00-7.36126506E-01
34  6-7.54230623E-01-2.82148686E+00-3.88435211E-01-0.00000000E+00 6.44258931E-01
34  7-2.14461236E-01-0.00000000E+00-1.23586339E+00 6.32940109E-01 7.54230623E-01
34  8 2.82148686E+00 3.88435211E-01-0.00000000E+00 6.44258931E-01 2.14461236E-01
34  9-0.00000000E+00-1.23586339E+00-6.32940109E-01
35  1 0.00000000E+00 0.00000000E+00 0.00000000E+00 0.00000000E+00 0.00000000E+00
35  2-1.19538088E-01 0.00000000E+00 0.00000000E+00-3.67861910E+00 0.00000000E+00
35  3 0.00000000E+00-1.11713411E+00 0.00000000E+00 0.00000000E+00 0.00000000E+00
35  4 0.00000000E+00 0.00000000E+00 0.00000000E+00 3.72207746E-01 0.00000000E+00
35  5 0.00000000E+00 0.00000000E+00 0.00000000E+00 0.00000000E+00-1.92772648E+00
35  6-2.17289305E+00-4.12550144E+00-3.71207726E-01 0.00000000E+00-4.28185192E-01
35  7 6.41404907E-01 0.00000000E+00-1.20931878E+00 5.66464158E-01 2.17289305E+00
35  8 4.12550144E+00 3.71207726E-01 0.00000000E+00-4.28185192E-01-6.41404907E-01
35  9 0.00000000E+00-1.20931878E+00-5.66464158E-01
36  1 5.03305498E-02 1.99940851E-01 3.09438787E+00 3.33393992E+00 0.00000000E+00
36  2 0.00000000E+00 4.12007137E-01 0.00000000E+00 0.00000000E+00 2.13975924E+00
36  3 0.00000000E+00 0.00000000E+00 7.19147119E-01 3.21062673E-01-1.96594598E-01
36  4-3.77855106E-02 0.00000000E+00 0.00000000E+00 0.00000000E+00-4.16789934E-01
36  5 9.69574194E-01 9.49323492E-01 0.00000000E+00 0.00000000E+00 0.00000000E+00
36  6-1.63229417E+00-2.64472385E+00-1.39200636E-01 0.00000000E+00-1.06565452E+00
36  7 3.87090722E-01 0.00000000E+00-4.20482786E-01 3.05004378E-01-1.63229417E+00
36  8-2.64472385E+00-1.39200636E-01 0.00000000E+00 1.06565452E+00 3.87090722E-01
36  9 0.00000000E+00 4.20482786E-01 3.05004378E-01
37  1-0.00000000E+00-0.00000000E+00-0.00000000E+00-0.00000000E+00 4.60913853E-02
37  2-0.00000000E+00-0.00000000E+00-1.58870718E-01-0.00000000E+00-0.00000000E+00
37  3-3.03452157E-01-0.00000000E+00-0.00000000E+00-0.00000000E+00-0.00000000E+00
37  4-0.00000000E+00-0.00000000E+00 1.19293848E+00-0.00000000E+00-0.00000000E+00
37  5-0.00000000E+00-0.00000000E+00-0.00000000E+00-6.65291524E-01-0.00000000E+00
37  6-0.00000000E+00-0.00000000E+00-0.00000000E+00-1.05723224E-01-0.00000000E+00
37  7-0.00000000E+00 2.94689917E-01-0.00000000E+00-0.00000000E+00-0.00000000E+00
37  8-0.00000000E+00-0.00000000E+00-1.05723224E-01-0.00000000E+00-0.00000000E+00
37  9 2.94689917E-01-0.00000000E+00-0.00000000E+00
38  1-1.08735466E-01-2.07759113E-01 6.79821740E-01 2.31160261E-01 0.00000000E+00
38  2 0.00000000E+00 3.56717576E-02 0.00000000E+00 0.00000000E+00 1.02624097E-01
38  3 0.00000000E+00 0.00000000E+00-2.39045431E-01-5.22002598E-01-6.76389704E-01
38  4 1.19304706E+00 0.00000000E+00 0.00000000E+00 0.00000000E+00 2.05808522E-01
38  5 3.75087090E-01-6.36076886E-01 0.00000000E+00 0.00000000E+00 0.00000000E+00
38  6-1.41631681E-01-1.92183077E-01-1.84892068E-02 0.00000000E+00-1.39047584E-01
38  7-9.77027777E-02 0.00000000E+00 3.69529873E-02 3.04536247E-01-1.41631681E-01
38  8-1.92183077E-01-1.84892068E-02 0.00000000E+00 1.39047584E-01-9.77027777E-02
38  9 0.00000000E+00-3.69529873E-02 3.04536247E-01
39  1-0.00000000E+00-0.00000000E+00-0.00000000E+00-0.00000000E+00-0.00000000E+00
39  2-0.00000000E+00-0.00000000E+00-0.00000000E+00-0.00000000E+00-0.00000000E+00
39  3-0.00000000E+00-0.00000000E+00-0.00000000E+00-0.00000000E+00-0.00000000E+00
39  4-0.00000000E+00 1.20537300E+00-0.00000000E+00-0.00000000E+00-0.00000000E+00
39  5-0.00000000E+00-0.00000000E+00-6.90505628E-01-0.00000000E+00-0.00000000E+00
39  6-0.00000000E+00-0.00000000E+00-0.00000000E+00 1.28165312E-01-0.00000000E+00
39  7-0.00000000E+00-3.18183699E-01-0.00000000E+00-0.00000000E+00-0.00000000E+00
39  8-0.00000000E+00-0.00000000E+00-1.28165312E-01-0.00000000E+00-0.00000000E+00
39  9 3.18183699E-01-0.00000000E+00-0.00000000E+00
40  1-5.78542083E-01-1.15693074E+00-5.71498974E-01-1.34537019E+00-0.00000000E+00
40  2-0.00000000E+00-1.91975571E-01-0.00000000E+00-0.00000000E+00-1.24223013E+00
40  3-0.00000000E+00-0.00000000E+00-2.62791249E-01 1.05795151E+00-9.37666114E-01
40  4-6.66363946E-02-0.00000000E+00-0.00000000E+00-0.00000000E+00-1.13445127E+00
40  5-7.48188935E-01-1.04013406E+00-0.00000000E+00-0.00000000E+00-0.00000000E+00
40  6 9.64661099E-01 1.57022356E+00 3.60855460E-02-0.00000000E+00 5.13528243E-01
40  7-3.60839929E-01-0.00000000E+00 5.20665048E-01-3.18103955E-01 9.64661099E-01
40  8 1.57022356E+00 3.60855460E-02-0.00000000E+00-5.13528243E-01-3.60839929E-01
40  9-0.00000000E+00-5.20665048E-01-3.18103955E-01
41  1 0.00000000E+00 0.00000000E+00 0.00000000E+00 0.00000000E+00 0.00000000E+00
41  2 3.16221120E-01 0.00000000E+00 0.00000000E+00 2.38566630E+00 0.00000000E+00
41  3 0.00000000E+00 5.36182077E-01 0.00000000E+00 0.00000000E+00 0.00000000E+00
41  4 0.00000000E+00 0.00000000E+00 0.00000000E+00 1.32576150E+00 0.00000000E+00
41  5 0.00000000E+00 0.00000000E+00 0.00000000E+00 0.00000000E+00 2.95283807E-01
41  6 1.50169644E+00 2.34806956E+00 1.42410093E-01 0.00000000E+00 6.65997171E-01
41  7-5.49626061E-01 0.00000000E+00 6.57744862E-01-5.60129415E-01-1.50169644E+00
41  8-2.34806956E+00-1.42410093E-01 0.00000000E+00 6.65997171E-01 5.49626061E-01
41  9 0.00000000E+00 6.57744862E-01 5.60129415E-01
42  1-1.96655983E+00-3.80636341E+00 5.37552918E+00-7.09490091E-01-0.00000000E+00
42  2-0.00000000E+00 3.63317565E-01-0.00000000E+00-0.00000000E+00 8.78505240E-02
42  3-0.00000000E+00-0.00000000E+00-2.47867921E-01-6.84011385E-02 7.27041609E-01
42  4 2.38174224E-01-0.00000000E+00-0.00000000E+00-0.00000000E+00-2.39464839E+00
42  5-2.52830139E+00-2.18384963E+00-0.00000000E+00-0.00000000E+00-0.00000000E+00
42  6-6.14199365E-01 1.66892241E+00-3.16027119E-02-0.00000000E+00-4.78272580E-01
42  7 3.30632131E-01-0.00000000E+00 5.15842955E-01-5.90810085E-01-6.14199365E-01
42  8 1.66892241E+00-3.16027119E-02-0.00000000E+00 4.78272580E-01 3.30632131E-01
42  9-0.00000000E+00-5.15842955E-01-5.90810085E-01
43  1-2.39565228E+00-2.73101726E+00 1.05306408E+01-1.13807350E+00-0.00000000E+00
43  2-0.00000000E+00 1.47874557E-01-0.00000000E+00-0.00000000E+00-5.52861053E-01
43  3-0.00000000E+00-0.00000000E+00-3.96989345E-01-2.27757560E+00-2.17021744E+00
43  4-2.26792063E+00-0.00000000E+00-0.00000000E+00-0.00000000E+00-3.66141644E+00
43  5-3.83901918E+00-3.63346685E+00-0.00000000E+00-0.00000000E+00-0.00000000E+00
43  6 1.09766630E-02 2.24535799E+00-3.57249812E-02-0.00000000E+00-7.01531680E-02
43  7 5.39424121E-02-0.00000000E+00 6.38649477E-01-6.22008803E-01 1.09766630E-02
43  8 2.24535799E+00-3.57249812E-02-0.00000000E+00 7.01531680E-02 5.39424121E-02
43  9-0.00000000E+00-6.38649477E-01-6.22008803E-01
 $END
 POPULATION ANALYSIS
O            8.11368  -0.11368   8.00937  -0.00937
H            0.94316   0.05684   0.99531   0.00469
H            0.94316   0.05684   0.99531   0.00469
 MOMENTS AT POINT    1 X,Y,Z=  0.000000  0.000000 -0.614763
 DIPOLE       0.000000 -0.000000  1.992465
