 $DATA  
  Allene, FC geometry                                                           
C1       0
C           6.0      0.0000000000      0.0000000000      0.0000000000
   S       8
     1           6665.0000000000  0.00069200
     2           1000.0000000000  0.00532900
     3            228.0000000000  0.02707700
     4             64.7100000000  0.10171800
     5             21.0600000000  0.27474000
     6              7.4950000000  0.44856400
     7              2.7970000000  0.28507400
     8              0.5215000000  0.01520400
   S       8
     1           6665.0000000000 -0.00014600
     2           1000.0000000000 -0.00115400
     3            228.0000000000 -0.00572500
     4             64.7100000000 -0.02331200
     5             21.0600000000 -0.06395500
     6              7.4950000000 -0.14998100
     7              2.7970000000 -0.12726200
     8              0.5215000000  0.54452900
   S       1
     1              0.1596000000  1.00000000
   P       3
     1              9.4390000000  0.03810900
     2              2.0020000000  0.20948000
     3              0.5456000000  0.50855700
   P       1
     1              0.1517000000  1.00000000
   D       1
     1              0.5500000000  1.00000000
        
C           6.0      0.0000000000      0.0000000000      1.3132000000
   S       8
     1           6665.0000000000  0.00069200
     2           1000.0000000000  0.00532900
     3            228.0000000000  0.02707700
     4             64.7100000000  0.10171800
     5             21.0600000000  0.27474000
     6              7.4950000000  0.44856400
     7              2.7970000000  0.28507400
     8              0.5215000000  0.01520400
   S       8
     1           6665.0000000000 -0.00014600
     2           1000.0000000000 -0.00115400
     3            228.0000000000 -0.00572500
     4             64.7100000000 -0.02331200
     5             21.0600000000 -0.06395500
     6              7.4950000000 -0.14998100
     7              2.7970000000 -0.12726200
     8              0.5215000000  0.54452900
   S       1
     1              0.1596000000  1.00000000
   P       3
     1              9.4390000000  0.03810900
     2              2.0020000000  0.20948000
     3              0.5456000000  0.50855700
   P       1
     1              0.1517000000  1.00000000
   D       1
     1              0.5500000000  1.00000000
        
C           6.0      0.0000000000      0.0000000000     -1.3132000000
   S       8
     1           6665.0000000000  0.00069200
     2           1000.0000000000  0.00532900
     3            228.0000000000  0.02707700
     4             64.7100000000  0.10171800
     5             21.0600000000  0.27474000
     6              7.4950000000  0.44856400
     7              2.7970000000  0.28507400
     8              0.5215000000  0.01520400
   S       8
     1           6665.0000000000 -0.00014600
     2           1000.0000000000 -0.00115400
     3            228.0000000000 -0.00572500
     4             64.7100000000 -0.02331200
     5             21.0600000000 -0.06395500
     6              7.4950000000 -0.14998100
     7              2.7970000000 -0.12726200
     8              0.5215000000  0.54452900
   S       1
     1              0.1596000000  1.00000000
   P       3
     1              9.4390000000  0.03810900
     2              2.0020000000  0.20948000
     3              0.5456000000  0.50855700
   P       1
     1              0.1517000000  1.00000000
   D       1
     1              0.5500000000  1.00000000
        
H           1.0      0.0000000000      0.9295000000      1.8696000000
   S       3
     1             13.0100000000  0.01968500
     2              1.9620000000  0.13797700
     3              0.4446000000  0.47814800
   S       1
     1              0.1220000000  1.00000000
   P       1
     1              0.7270000000  1.00000000
        
H           1.0      0.0000000000     -0.9295000000      1.8696000000
   S       3
     1             13.0100000000  0.01968500
     2              1.9620000000  0.13797700
     3              0.4446000000  0.47814800
   S       1
     1              0.1220000000  1.00000000
   P       1
     1              0.7270000000  1.00000000
        
H           1.0      0.9295000000      0.0000000000     -1.8696000000
   S       3
     1             13.0100000000  0.01968500
     2              1.9620000000  0.13797700
     3              0.4446000000  0.47814800
   S       1
     1              0.1220000000  1.00000000
   P       1
     1              0.7270000000  1.00000000
        
H           1.0     -0.9295000000      0.0000000000     -1.8696000000
   S       3
     1             13.0100000000  0.01968500
     2              1.9620000000  0.13797700
     3              0.4446000000  0.47814800
   S       1
     1              0.1220000000  1.00000000
   P       1
     1              0.7270000000  1.00000000
        
 $END      
--- CLOSED SHELL ORBITALS --- GENERATED AT Fri Jan 30 16:21:30 2015
  Allene, FC geometry                                                           
E(RHF)=     -115.8725069894, E(NUC)=   59.0071065315,   11 ITERS
 $VEC   
 1  1 9.99985596E-01 3.88772456E-03-4.39312631E-04 0.00000000E+00 0.00000000E+00
 1  2 0.00000000E+00 0.00000000E+00 0.00000000E+00 0.00000000E+00-2.74888224E-03
 1  3-2.74888224E-03-2.10578886E-04 0.00000000E+00 0.00000000E+00 0.00000000E+00
 1  4 3.51187184E-02-3.96817553E-04 5.53225994E-04 0.00000000E+00 0.00000000E+00
 1  5 2.13582919E-04 0.00000000E+00 0.00000000E+00-1.73670554E-04-9.76439815E-05
 1  6-5.32805986E-04-4.69689056E-04 0.00000000E+00 0.00000000E+00 0.00000000E+00
 1  7 3.51187184E-02-3.96817553E-04 5.53225994E-04 0.00000000E+00 0.00000000E+00
 1  8-2.13582919E-04 0.00000000E+00 0.00000000E+00 1.73670554E-04-5.32805986E-04
 1  9-9.76439815E-05-4.69689056E-04 0.00000000E+00 0.00000000E+00 0.00000000E+00
 1 10 2.37909957E-04 1.15047588E-05 0.00000000E+00-1.59690663E-04-1.34405839E-04
 1 11 2.37909957E-04 1.15047588E-05 0.00000000E+00 1.59690663E-04-1.34405839E-04
 1 12 2.37909957E-04 1.15047588E-05-1.59690663E-04 0.00000000E+00 1.34405839E-04
 1 13 2.37909957E-04 1.15047588E-05 1.59690663E-04 0.00000000E+00 1.34405839E-04
 2  1 0.00000000E+00 0.00000000E+00 0.00000000E+00 0.00000000E+00 0.00000000E+00
 2  2 3.44839627E-04 0.00000000E+00 0.00000000E+00 9.22793843E-04 1.25094313E-04
 2  3-1.25094313E-04 0.00000000E+00 0.00000000E+00 0.00000000E+00 0.00000000E+00
 2  4 7.08032703E-01 2.99659006E-03-1.35464973E-03 0.00000000E+00 0.00000000E+00
 2  5-3.12128187E-04 0.00000000E+00 0.00000000E+00 2.02890921E-04-1.84456177E-03
 2  6-1.76581462E-03-1.41802224E-03 0.00000000E+00 0.00000000E+00 0.00000000E+00
 2  7-7.08032703E-01-2.99659006E-03 1.35464973E-03 0.00000000E+00 0.00000000E+00
 2  8-3.12128187E-04 0.00000000E+00 0.00000000E+00 2.02890921E-04 1.76581462E-03
 2  9 1.84456177E-03 1.41802224E-03 0.00000000E+00 0.00000000E+00 0.00000000E+00
 2 10 3.81437737E-04 1.98541722E-04 0.00000000E+00-8.89502284E-05-9.22445288E-05
 2 11 3.81437737E-04 1.98541722E-04 0.00000000E+00 8.89502284E-05-9.22445288E-05
 2 12-3.81437737E-04-1.98541722E-04 8.89502283E-05 0.00000000E+00-9.22445287E-05
 2 13-3.81437737E-04-1.98541722E-04-8.89502283E-05 0.00000000E+00-9.22445287E-05
 3  1-5.08651571E-02 8.56942886E-05 1.68372978E-03 0.00000000E+00 0.00000000E+00
 3  2 0.00000000E+00 0.00000000E+00 0.00000000E+00 0.00000000E+00-3.75532770E-05
 3  3-3.75532770E-05 2.68307458E-04 0.00000000E+00 0.00000000E+00 0.00000000E+00
 3  4 7.07097587E-01 2.89298672E-03-1.18707574E-03 0.00000000E+00 0.00000000E+00
 3  5-1.92360730E-04 0.00000000E+00 0.00000000E+00 2.24660241E-04-1.81348867E-03
 3  6-1.78796108E-03-1.51076791E-03 0.00000000E+00 0.00000000E+00 0.00000000E+00
 3  7 7.07097587E-01 2.89298672E-03-1.18707574E-03 0.00000000E+00 0.00000000E+00
 3  8 1.92360730E-04 0.00000000E+00 0.00000000E+00-2.24660241E-04-1.78796108E-03
 3  9-1.81348867E-03-1.51076791E-03 0.00000000E+00 0.00000000E+00 0.00000000E+00
 3 10 4.13279131E-04 1.84527979E-04 0.00000000E+00-1.06832357E-04-9.72558577E-05
 3 11 4.13279131E-04 1.84527979E-04 0.00000000E+00 1.06832357E-04-9.72558577E-05
 3 12 4.13279131E-04 1.84527979E-04-1.06832357E-04 0.00000000E+00 9.72558577E-05
 3 13 4.13279131E-04 1.84527979E-04 1.06832357E-04 0.00000000E+00 9.72558577E-05
 4  1-1.85989872E-02 3.26578792E-01 2.32004104E-01 0.00000000E+00 0.00000000E+00
 4  2 0.00000000E+00 0.00000000E+00 0.00000000E+00 0.00000000E+00-1.12304707E-02
 4  3-1.12304707E-02 4.73828634E-02 0.00000000E+00 0.00000000E+00 0.00000000E+00
 4  4-2.12965490E-02 2.16051685E-01 1.19581468E-01 0.00000000E+00 0.00000000E+00
 4  5-9.33361500E-02 0.00000000E+00 0.00000000E+00-4.35127216E-03-2.48496734E-03
 4  6-9.15741723E-03 1.21058988E-02-3.22889157E-11 0.00000000E+00 0.00000000E+00
 4  7-2.12965490E-02 2.16051685E-01 1.19581468E-01 0.00000000E+00 0.00000000E+00
 4  8 9.33361500E-02 0.00000000E+00 0.00000000E+00 4.35127216E-03-9.15741723E-03
 4  9-2.48496734E-03 1.21058988E-02 3.22889157E-11 0.00000000E+00 0.00000000E+00
 4 10 8.00891572E-02 1.80960017E-03 1.90529169E-11-1.11631180E-02-9.05361892E-03
 4 11 8.00891572E-02 1.80960017E-03-1.90529176E-11 1.11631180E-02-9.05361892E-03
 4 12 8.00891572E-02 1.80960017E-03-1.11631180E-02-1.90529161E-11 9.05361892E-03
 4 13 8.00891572E-02 1.80960017E-03 1.11631180E-02 1.90529185E-11 9.05361892E-03
 5  1 0.00000000E+00 0.00000000E+00 0.00000000E+00 0.00000000E+00 0.00000000E+00
 5  2 2.91374206E-01 0.00000000E+00 0.00000000E+00 1.32013586E-01 2.79311631E-03
 5  3-2.79311631E-03 0.00000000E+00-6.17952264E-11 0.00000000E+00 0.00000000E+00
 5  4-1.88535847E-02 2.75856613E-01 1.28465328E-01 0.00000000E+00 0.00000000E+00
 5  5-5.23398363E-02 0.00000000E+00 0.00000000E+00 1.98115956E-02-5.36019262E-03
 5  6-6.89898653E-03 7.20299802E-03-1.53365651E-11 0.00000000E+00 0.00000000E+00
 5  7 1.88535847E-02-2.75856613E-01-1.28465328E-01 0.00000000E+00 0.00000000E+00
 5  8-5.23398363E-02 0.00000000E+00 0.00000000E+00 1.98115956E-02 6.89898653E-03
 5  9 5.36019262E-03-7.20299802E-03-1.53365706E-11 0.00000000E+00 0.00000000E+00
 5 10 1.27853287E-01 9.00906732E-03 0.00000000E+00-1.63154631E-02-1.10951426E-02
 5 11 1.27853287E-01 9.00906732E-03 0.00000000E+00 1.63154631E-02-1.10951426E-02
 5 12-1.27853287E-01-9.00906732E-03 1.63154631E-02 0.00000000E+00-1.10951426E-02
 5 13-1.27853287E-01-9.00906732E-03-1.63154631E-02 0.00000000E+00-1.10951426E-02
 6  1 7.45673875E-03-2.45264260E-01-1.61740343E-01-0.00000000E+00-0.00000000E+00
 6  2-0.00000000E+00-0.00000000E+00-0.00000000E+00-0.00000000E+00 2.22855333E-03
 6  3 2.22855333E-03 1.19837162E-03-0.00000000E+00-0.00000000E+00-0.00000000E+00
 6  4-8.88127780E-03 1.24378070E-01 1.20417135E-01-0.00000000E+00-0.00000000E+00
 6  5 2.62237556E-01-0.00000000E+00-0.00000000E+00 9.44778882E-02-1.39535186E-03
 6  6 1.55682901E-02-2.07859974E-02 4.20722490E-11-0.00000000E+00-0.00000000E+00
 6  7-8.88127780E-03 1.24378070E-01 1.20417135E-01-0.00000000E+00-0.00000000E+00
 6  8-2.62237556E-01-0.00000000E+00-0.00000000E+00-9.44778882E-02 1.55682901E-02
 6  9-1.39535186E-03-2.07859974E-02-4.20722493E-11-0.00000000E+00-0.00000000E+00
 6 10 1.81500370E-01 4.34091918E-02-1.29442876E-11-1.82155405E-02-3.69376704E-03
 6 11 1.81500370E-01 4.34091918E-02 1.29442559E-11 1.82155405E-02-3.69376704E-03
 6 12 1.81500370E-01 4.34091918E-02-1.82155405E-02 1.29442412E-11 3.69376704E-03
 6 13 1.81500370E-01 4.34091918E-02 1.82155405E-02-1.29443019E-11 3.69376704E-03
 7  1 0.00000000E+00 0.00000000E+00 0.00000000E+00 0.00000000E+00 0.00000000E+00
 7  2 3.82319979E-01 0.00000000E+00 0.00000000E+00-6.71895917E-02 3.01261491E-03
 7  3-3.01261491E-03 0.00000000E+00-8.03648991E-11 0.00000000E+00 0.00000000E+00
 7  4-3.15773717E-04-1.77750948E-02 9.49493964E-02 0.00000000E+00 0.00000000E+00
 7  5-3.34155367E-01 0.00000000E+00 0.00000000E+00-1.76554252E-01-2.40815532E-03
 7  6-1.84215755E-02 1.55423317E-02-5.05451291E-11 0.00000000E+00 0.00000000E+00
 7  7 3.15773717E-04 1.77750948E-02-9.49493964E-02 0.00000000E+00 0.00000000E+00
 7  8-3.34155367E-01 0.00000000E+00 0.00000000E+00-1.76554252E-01 1.84215755E-02
 7  9 2.40815532E-03-1.55423317E-02-5.05452665E-11 0.00000000E+00 0.00000000E+00
 7 10-1.56582637E-01-4.56699602E-02 1.10185871E-11 1.26773958E-02-6.52378916E-04
 7 11-1.56582637E-01-4.56699602E-02-1.10184649E-11-1.26773958E-02-6.52378916E-04
 7 12 1.56582637E-01 4.56699602E-02-1.26773958E-02 1.10184126E-11-6.52378916E-04
 7 13 1.56582637E-01 4.56699602E-02 1.26773958E-02-1.10185198E-11-6.52378916E-04
 8  1 0.00000000E+00 0.00000000E+00 0.00000000E+00 2.41975746E-02 1.56729331E-01
 8  2 0.00000000E+00 1.11284805E-02 7.20799180E-02 0.00000000E+00 0.00000000E+00
 8  3 0.00000000E+00 0.00000000E+00 0.00000000E+00-2.35828330E-03 1.52747572E-02
 8  4 0.00000000E+00 0.00000000E+00 0.00000000E+00 1.12011879E-02 4.11973255E-01
 8  5 0.00000000E+00 5.47521189E-03 1.49504250E-01 0.00000000E+00 0.00000000E+00
 8  6 0.00000000E+00 0.00000000E+00 0.00000000E+00-1.92820400E-03 1.03064550E-02
 8  7 0.00000000E+00 0.00000000E+00 0.00000000E+00 6.36049021E-02 7.25508498E-02
 8  8 0.00000000E+00 2.30820879E-02 3.54633237E-02 0.00000000E+00 0.00000000E+00
 8  9 0.00000000E+00 0.00000000E+00 0.00000000E+00-1.59122245E-03 1.24891087E-02
 8 10 2.97026831E-01 1.01770261E-01 4.31365538E-04-1.43602574E-02-1.50230224E-02
 8 11-2.97026831E-01-1.01770261E-01 4.31365538E-04-1.43602574E-02 1.50230224E-02
 8 12 4.58582258E-02 1.57123977E-02-2.21709242E-03 2.79398329E-03 2.31941732E-03
 8 13-4.58582258E-02-1.57123977E-02-2.21709242E-03 2.79398329E-03-2.31941732E-03
 9  1-0.00000000E+00-0.00000000E+00-0.00000000E+00 1.56729331E-01-2.41975746E-02
 9  2-0.00000000E+00 7.20799180E-02-1.11284805E-02-0.00000000E+00-0.00000000E+00
 9  3-0.00000000E+00-0.00000000E+00-0.00000000E+00-1.52747572E-02-2.35828330E-03
 9  4-0.00000000E+00-0.00000000E+00-0.00000000E+00 7.25508498E-02-6.36049021E-02
 9  5-0.00000000E+00 3.54633237E-02-2.30820879E-02-0.00000000E+00-0.00000000E+00
 9  6-0.00000000E+00-0.00000000E+00-0.00000000E+00-1.24891087E-02-1.59122245E-03
 9  7-0.00000000E+00-0.00000000E+00-0.00000000E+00 4.11973255E-01-1.12011879E-02
 9  8-0.00000000E+00 1.49504250E-01-5.47521189E-03-0.00000000E+00-0.00000000E+00
 9  9-0.00000000E+00-0.00000000E+00-0.00000000E+00-1.03064550E-02-1.92820400E-03
 9 10-4.58582258E-02-1.57123977E-02 2.79398329E-03 2.21709242E-03 2.31941732E-03
 9 11 4.58582258E-02 1.57123977E-02 2.79398329E-03 2.21709242E-03-2.31941732E-03
 9 12 2.97026831E-01 1.01770261E-01-1.43602574E-02-4.31365538E-04 1.50230224E-02
 9 13-2.97026831E-01-1.01770261E-01-1.43602574E-02-4.31365538E-04-1.50230224E-02
10  1-0.00000000E+00-0.00000000E+00-0.00000000E+00 3.45414304E-01 6.41811225E-02
10  2-0.00000000E+00 2.53723902E-01 4.71442141E-02-0.00000000E+00-0.00000000E+00
10  3-0.00000000E+00-0.00000000E+00-0.00000000E+00 4.49620319E-02-8.35435578E-03
10  4-0.00000000E+00-0.00000000E+00-0.00000000E+00 3.95570154E-01-1.98822722E-02
10  5-0.00000000E+00 3.02719785E-01-1.60069227E-02-0.00000000E+00-0.00000000E+00
10  6-0.00000000E+00-0.00000000E+00-0.00000000E+00-3.04816380E-02-6.99602141E-03
10  7-0.00000000E+00-0.00000000E+00-0.00000000E+00-1.07003750E-01 7.35005391E-02
10  8-0.00000000E+00-8.61471475E-02 5.62480922E-02-0.00000000E+00-0.00000000E+00
10  9-0.00000000E+00-0.00000000E+00-0.00000000E+00 3.76516647E-02 5.66376600E-03
10 10-2.25670491E-02-1.35985661E-02 1.39610193E-02 4.22400342E-05 7.22532271E-04
10 11 2.25670491E-02 1.35985661E-02 1.39610193E-02 4.22400342E-05-7.22532271E-04
10 12-1.21452869E-01-7.31856730E-02 2.27330151E-04 2.59408456E-03-3.88857141E-03
10 13 1.21452869E-01 7.31856730E-02 2.27330151E-04 2.59408456E-03 3.88857141E-03
11  1 0.00000000E+00 0.00000000E+00 0.00000000E+00-6.41811225E-02 3.45414304E-01
11  2 0.00000000E+00-4.71442141E-02 2.53723902E-01 0.00000000E+00 0.00000000E+00
11  3 0.00000000E+00 0.00000000E+00 0.00000000E+00-8.35435578E-03-4.49620319E-02
11  4 0.00000000E+00 0.00000000E+00 0.00000000E+00-7.35005391E-02-1.07003750E-01
11  5 0.00000000E+00-5.62480922E-02-8.61471475E-02 0.00000000E+00 0.00000000E+00
11  6 0.00000000E+00 0.00000000E+00 0.00000000E+00 5.66376600E-03-3.76516647E-02
11  7 0.00000000E+00 0.00000000E+00 0.00000000E+00 1.98822722E-02 3.95570154E-01
11  8 0.00000000E+00 1.60069227E-02 3.02719785E-01 0.00000000E+00 0.00000000E+00
11  9 0.00000000E+00 0.00000000E+00 0.00000000E+00-6.99602141E-03 3.04816380E-02
11 10-1.21452869E-01-7.31856730E-02-2.59408456E-03 2.27330151E-04 3.88857141E-03
11 11 1.21452869E-01 7.31856730E-02-2.59408456E-03 2.27330151E-04-3.88857141E-03
11 12 2.25670491E-02 1.35985661E-02-4.22400342E-05 1.39610193E-02 7.22532271E-04
11 13-2.25670491E-02-1.35985661E-02-4.22400342E-05 1.39610193E-02-7.22532271E-04
12  1-0.00000000E+00-0.00000000E+00-0.00000000E+00 3.77424692E-01 8.54683961E-03
12  2-0.00000000E+00 5.91498648E-01 1.33945780E-02-0.00000000E+00-0.00000000E+00
12  3-0.00000000E+00-0.00000000E+00-0.00000000E+00-2.35961561E-02 5.34338320E-04
12  4-0.00000000E+00-0.00000000E+00-0.00000000E+00-3.07818776E-01 1.92893587E-03
12  5-0.00000000E+00-6.49356016E-01 7.95394550E-03-0.00000000E+00-0.00000000E+00
12  6-0.00000000E+00-0.00000000E+00-0.00000000E+00-3.07643235E-02-1.06474665E-03
12  7-0.00000000E+00-0.00000000E+00-0.00000000E+00 8.51809572E-02-6.97060313E-03
12  8-0.00000000E+00 3.51242846E-01-1.47047677E-02-0.00000000E+00-0.00000000E+00
12  9-0.00000000E+00-0.00000000E+00-0.00000000E+00 4.70187373E-02 6.96662896E-04
12 10-2.92588683E-03-1.47910643E-02-1.76863608E-02 8.63921364E-05-1.03984404E-04
12 11 2.92588683E-03 1.47910643E-02-1.76863608E-02 8.63921364E-05 1.03984404E-04
12 12-1.29205882E-01-6.53167021E-01 3.81503878E-03-4.00510380E-04 4.59190180E-03
12 13 1.29205882E-01 6.53167021E-01 3.81503878E-03-4.00510380E-04-4.59190180E-03
13  1-0.00000000E+00-0.00000000E+00-0.00000000E+00-8.54683961E-03 3.77424692E-01
13  2-0.00000000E+00-1.33945780E-02 5.91498648E-01-0.00000000E+00-0.00000000E+00
13  3-0.00000000E+00-0.00000000E+00-0.00000000E+00 5.34338320E-04 2.35961561E-02
13  4-0.00000000E+00-0.00000000E+00-0.00000000E+00 6.97060313E-03 8.51809572E-02
13  5-0.00000000E+00 1.47047677E-02 3.51242846E-01-0.00000000E+00-0.00000000E+00
13  6-0.00000000E+00-0.00000000E+00-0.00000000E+00 6.96662896E-04-4.70187373E-02
13  7-0.00000000E+00-0.00000000E+00-0.00000000E+00-1.92893587E-03-3.07818776E-01
13  8-0.00000000E+00-7.95394550E-03-6.49356016E-01-0.00000000E+00-0.00000000E+00
13  9-0.00000000E+00-0.00000000E+00-0.00000000E+00-1.06474665E-03 3.07643235E-02
13 10-1.29205882E-01-6.53167021E-01 4.00510380E-04 3.81503878E-03-4.59190180E-03
13 11 1.29205882E-01 6.53167021E-01 4.00510380E-04 3.81503878E-03 4.59190180E-03
13 12 2.92588683E-03 1.47910643E-02-8.63921364E-05-1.76863608E-02-1.03984404E-04
13 13-2.92588683E-03-1.47910643E-02-8.63921364E-05-1.76863608E-02 1.03984404E-04
14  1 1.60712302E-02 7.83305111E-03 2.78261282E-01 0.00000000E+00 0.00000000E+00
14  2 0.00000000E+00 0.00000000E+00 0.00000000E+00 0.00000000E+00-7.04510367E-03
14  3-7.04510367E-03 4.81289134E-02 0.00000000E+00 0.00000000E+00 0.00000000E+00
14  4-4.33194369E-02 1.02223965E-01 1.28729594E+00 0.00000000E+00 0.00000000E+00
14  5 6.26570438E-02 0.00000000E+00 0.00000000E+00 5.47927650E-01-2.45029378E-02
14  6 4.69376479E-03-2.40216835E-02-2.49016463E-11 0.00000000E+00 0.00000000E+00
14  7-4.33194369E-02 1.02223965E-01 1.28729594E+00 0.00000000E+00 0.00000000E+00
14  8-6.26570438E-02 0.00000000E+00 0.00000000E+00-5.47927650E-01 4.69376479E-03
14  9-2.45029378E-02-2.40216835E-02 2.49016464E-11 0.00000000E+00 0.00000000E+00
14 10-8.98365305E-03-9.97378239E-01 2.18150998E-11 1.12279801E-02 2.32069492E-03
14 11-8.98365305E-03-9.97378239E-01-2.18150893E-11-1.12279801E-02 2.32069492E-03
14 12-8.98365305E-03-9.97378239E-01 1.12279801E-02-2.18151023E-11-2.32069492E-03
14 13-8.98365305E-03-9.97378239E-01-1.12279801E-02 2.18150859E-11-2.32069492E-03
15  1 0.00000000E+00 0.00000000E+00 0.00000000E+00 0.00000000E+00 0.00000000E+00
15  2-5.31198555E-02 0.00000000E+00 0.00000000E+00 5.89607837E-01 9.29248636E-03
15  3-9.29248636E-03 0.00000000E+00-2.57256156E-11 0.00000000E+00 0.00000000E+00
15  4-5.53009280E-02 5.22872967E-02 9.88781729E-01 0.00000000E+00 0.00000000E+00
15  5 1.43948789E-01 0.00000000E+00 0.00000000E+00 7.55866166E-01-2.87262363E-02
15  6-1.47961479E-02-3.01639302E-02 0.00000000E+00 0.00000000E+00 0.00000000E+00
15  7 5.53009280E-02-5.22872967E-02-9.88781729E-01 0.00000000E+00 0.00000000E+00
15  8 1.43948789E-01 0.00000000E+00 0.00000000E+00 7.55866166E-01 1.47961479E-02
15  9 2.87262363E-02 3.01639302E-02 0.00000000E+00 0.00000000E+00 0.00000000E+00
15 10-7.63569613E-03-1.07193488E+00 2.94613482E-11 6.00474027E-03 2.45051664E-03
15 11-7.63569613E-03-1.07193488E+00-2.94612834E-11-6.00474027E-03 2.45051664E-03
15 12 7.63569613E-03 1.07193488E+00-6.00474027E-03 2.94612989E-11 2.45051664E-03
15 13 7.63569613E-03 1.07193488E+00 6.00474027E-03-2.94613089E-11 2.45051664E-03
16  1 0.00000000E+00 0.00000000E+00 0.00000000E+00 4.59814409E-03-1.27734223E-01
16  2 0.00000000E+00 2.80195585E-02-7.78369802E-01 0.00000000E+00 0.00000000E+00
16  3 0.00000000E+00 0.00000000E+00 0.00000000E+00-2.50695200E-06-6.96416995E-05
16  4 0.00000000E+00 0.00000000E+00 0.00000000E+00-4.06479998E-03 2.88695770E-01
16  5 0.00000000E+00-1.61001480E-02 1.65264925E+00 0.00000000E+00 0.00000000E+00
16  6 0.00000000E+00 0.00000000E+00 0.00000000E+00-3.40531863E-04 4.86752099E-02
16  7 0.00000000E+00 0.00000000E+00 0.00000000E+00-1.03923965E-02 1.12918184E-01
16  8 0.00000000E+00-5.94916450E-02 4.47254326E-01 0.00000000E+00 0.00000000E+00
16  9 0.00000000E+00 0.00000000E+00 0.00000000E+00 1.75219780E-03-9.45981091E-03
16 10 7.72337337E-02-1.88507174E+00-2.35343134E-04 1.85012093E-02 2.35454212E-02
16 11-7.72337337E-02 1.88507174E+00-2.35343134E-04 1.85012093E-02-2.35454212E-02
16 12-2.78024044E-03 6.78583301E-02-6.66001777E-04 6.53771898E-03 8.47582088E-04
16 13 2.78024044E-03-6.78583301E-02-6.66001777E-04 6.53771898E-03-8.47582088E-04
17  1 0.00000000E+00 0.00000000E+00 0.00000000E+00 1.27734223E-01 4.59814409E-03
17  2 0.00000000E+00 7.78369802E-01 2.80195585E-02 0.00000000E+00 0.00000000E+00
17  3 0.00000000E+00 0.00000000E+00 0.00000000E+00-6.96416995E-05 2.50695200E-06
17  4 0.00000000E+00 0.00000000E+00 0.00000000E+00-1.12918184E-01-1.03923965E-02
17  5 0.00000000E+00-4.47254326E-01-5.94916450E-02 0.00000000E+00 0.00000000E+00
17  6 0.00000000E+00 0.00000000E+00 0.00000000E+00-9.45981091E-03-1.75219780E-03
17  7 0.00000000E+00 0.00000000E+00 0.00000000E+00-2.88695770E-01-4.06479998E-03
17  8 0.00000000E+00-1.65264925E+00-1.61001480E-02 0.00000000E+00 0.00000000E+00
17  9 0.00000000E+00 0.00000000E+00 0.00000000E+00 4.86752099E-02 3.40531863E-04
17 10-2.78024044E-03 6.78583301E-02-6.53771898E-03-6.66001777E-04-8.47582088E-04
17 11 2.78024044E-03-6.78583301E-02-6.53771898E-03-6.66001777E-04 8.47582088E-04
17 12-7.72337337E-02 1.88507174E+00-1.85012093E-02-2.35343134E-04 2.35454212E-02
17 13 7.72337337E-02-1.88507174E+00-1.85012093E-02-2.35343134E-04-2.35454212E-02
18  1 3.56955406E-02 2.86952252E-01 4.99790878E+00-0.00000000E+00-0.00000000E+00
18  2-0.00000000E+00-0.00000000E+00-0.00000000E+00-0.00000000E+00 1.34078046E-03
18  3 1.34078046E-03 2.16833204E-01-0.00000000E+00-0.00000000E+00-0.00000000E+00
18  4 6.20136054E-02 9.73090824E-03-1.85813285E+00-0.00000000E+00-0.00000000E+00
18  5 3.68915543E-02-0.00000000E+00-0.00000000E+00 2.20521690E+00 5.40795628E-02
18  6 1.60562365E-02-6.04266307E-02-4.84494743E-11-0.00000000E+00-0.00000000E+00
18  7 6.20136054E-02 9.73090824E-03-1.85813285E+00-0.00000000E+00-0.00000000E+00
18  8-3.68915543E-02-0.00000000E+00-0.00000000E+00-2.20521690E+00 1.60562365E-02
18  9 5.40795628E-02-6.04266307E-02 4.84494723E-11-0.00000000E+00-0.00000000E+00
18 10-9.13595839E-02-2.82569610E-01-1.97302219E-11-8.78699122E-03 5.88448377E-03
18 11-9.13595839E-02-2.82569610E-01 1.97303054E-11 8.78699122E-03 5.88448377E-03
18 12-9.13595839E-02-2.82569610E-01-8.78699122E-03 1.97302399E-11-5.88448377E-03
18 13-9.13595839E-02-2.82569610E-01 8.78699122E-03-1.97302915E-11-5.88448377E-03
19  1-0.00000000E+00-0.00000000E+00-0.00000000E+00-0.00000000E+00-0.00000000E+00
19  2 2.41016618E-01-0.00000000E+00-0.00000000E+00 7.86083851E+00 1.60625817E-02
19  3-1.60625817E-02-0.00000000E+00-4.92965348E-11-0.00000000E+00-0.00000000E+00
19  4 1.34369280E-01 1.72775953E-01-6.37820440E+00-0.00000000E+00-0.00000000E+00
19  5-7.60785425E-02-0.00000000E+00-0.00000000E+00 4.01668619E+00 7.41878665E-02
19  6-2.29464912E-02-1.36064944E-02-3.02046346E-11-0.00000000E+00-0.00000000E+00
19  7-1.34369280E-01-1.72775953E-01 6.37820440E+00-0.00000000E+00-0.00000000E+00
19  8-7.60785425E-02-0.00000000E+00-0.00000000E+00 4.01668619E+00 2.29464912E-02
19  9-7.41878665E-02 1.36064944E-02-3.02045594E-11-0.00000000E+00-0.00000000E+00
19 10-1.04901875E-01-4.68164385E-01-1.01240384E-11-1.48000096E-02-1.29199915E-02
19 11-1.04901875E-01-4.68164385E-01 1.01237590E-11 1.48000096E-02-1.29199915E-02
19 12 1.04901875E-01 4.68164385E-01 1.48000096E-02-1.01238531E-11-1.29199915E-02
19 13 1.04901875E-01 4.68164385E-01-1.48000096E-02 1.01238540E-11-1.29199915E-02
20  1-3.31233066E-01-4.53790251E-01 1.71407932E+00-0.00000000E+00-0.00000000E+00
20  2-0.00000000E+00-0.00000000E+00-0.00000000E+00-0.00000000E+00-5.74046498E-02
20  3-5.74046498E-02-3.60746849E-01-0.00000000E+00-0.00000000E+00-0.00000000E+00
20  4-1.44878471E-01-3.57874683E-01 3.38604332E-01-0.00000000E+00-0.00000000E+00
20  5 4.38606432E-01-0.00000000E+00-0.00000000E+00 7.31076154E-02-6.39976225E-02
20  6-1.31401438E-01 1.34873868E-02 1.10610483E-10-0.00000000E+00-0.00000000E+00
20  7-1.44878471E-01-3.57874683E-01 3.38604332E-01-0.00000000E+00-0.00000000E+00
20  8-4.38606432E-01-0.00000000E+00-0.00000000E+00-7.31076154E-02-1.31401438E-01
20  9-6.39976225E-02 1.34873868E-02-1.10610528E-10-0.00000000E+00-0.00000000E+00
20 10-3.25170946E-02-2.83278991E-01 5.48863012E-11-3.37296698E-02 3.05285545E-03
20 11-3.25170946E-02-2.83278991E-01-5.48862710E-11 3.37296698E-02 3.05285545E-03
20 12-3.25170946E-02-2.83278991E-01-3.37296698E-02-5.48862656E-11-3.05285545E-03
20 13-3.25170946E-02-2.83278991E-01 3.37296698E-02 5.48863532E-11-3.05285545E-03
21  1 0.00000000E+00 0.00000000E+00 0.00000000E+00 1.43879999E-01-5.10320759E-01
21  2 0.00000000E+00-7.40734501E-02 2.62727417E-01 0.00000000E+00 0.00000000E+00
21  3 0.00000000E+00 0.00000000E+00 0.00000000E+00 3.86087918E-02 1.36939585E-01
21  4 0.00000000E+00 0.00000000E+00 0.00000000E+00 1.95889987E-01-5.77046238E-02
21  5 0.00000000E+00-2.14132449E-01 4.81948021E-01 0.00000000E+00 0.00000000E+00
21  6 0.00000000E+00 0.00000000E+00 0.00000000E+00-2.48806922E-02 4.60258845E-02
21  7 0.00000000E+00 0.00000000E+00 0.00000000E+00 1.62692590E-02-6.94792372E-01
21  8 0.00000000E+00-1.35880579E-01 7.59495639E-01 0.00000000E+00 0.00000000E+00
21  9 0.00000000E+00 0.00000000E+00 0.00000000E+00 1.29765518E-02-8.82480790E-02
21 10-2.34256598E-01-2.19474033E-01 6.24366302E-03 2.69503351E-02-2.86989251E-02
21 11 2.34256598E-01 2.19474033E-01 6.24366302E-03 2.69503351E-02 2.86989251E-02
21 12 6.60463820E-02 6.18785767E-02-7.59838593E-03-2.21453355E-02-8.09138454E-03
21 13-6.60463820E-02-6.18785767E-02-7.59838593E-03-2.21453355E-02 8.09138454E-03
22  1-0.00000000E+00-0.00000000E+00-0.00000000E+00-5.10320759E-01-1.43879999E-01
22  2-0.00000000E+00 2.62727417E-01 7.40734501E-02-0.00000000E+00-0.00000000E+00
22  3-0.00000000E+00-0.00000000E+00-0.00000000E+00-1.36939585E-01 3.86087918E-02
22  4-0.00000000E+00-0.00000000E+00-0.00000000E+00-6.94792372E-01-1.62692590E-02
22  5-0.00000000E+00 7.59495639E-01 1.35880579E-01-0.00000000E+00-0.00000000E+00
22  6-0.00000000E+00-0.00000000E+00-0.00000000E+00 8.82480790E-02 1.29765518E-02
22  7-0.00000000E+00-0.00000000E+00-0.00000000E+00-5.77046238E-02-1.95889987E-01
22  8-0.00000000E+00 4.81948021E-01 2.14132449E-01-0.00000000E+00-0.00000000E+00
22  9-0.00000000E+00-0.00000000E+00-0.00000000E+00-4.60258845E-02-2.48806922E-02
22 10-6.60463820E-02-6.18785767E-02-2.21453355E-02 7.59838593E-03-8.09138454E-03
22 11 6.60463820E-02 6.18785767E-02-2.21453355E-02 7.59838593E-03 8.09138454E-03
22 12-2.34256598E-01-2.19474033E-01 2.69503351E-02-6.24366302E-03 2.86989251E-02
22 13 2.34256598E-01 2.19474033E-01 2.69503351E-02-6.24366302E-03-2.86989251E-02
23  1-1.29180764E-01-4.33490666E-01 2.24278402E-01 0.00000000E+00 0.00000000E+00
23  2 0.00000000E+00 0.00000000E+00 0.00000000E+00 0.00000000E+00-1.09034070E-01
23  3-1.09034070E-01 1.34886657E-01 0.00000000E+00 0.00000000E+00 0.00000000E+00
23  4-1.13412841E-01-3.14830357E-02 5.61133414E-01 0.00000000E+00 0.00000000E+00
23  5-8.12887972E-02 0.00000000E+00 0.00000000E+00 2.21083215E-01 1.31678576E-01
23  6-2.05858397E-01-1.66220535E-01-2.27052516E-11 0.00000000E+00 0.00000000E+00
23  7-1.13412841E-01-3.14830357E-02 5.61133414E-01 0.00000000E+00 0.00000000E+00
23  8 8.12887972E-02 0.00000000E+00 0.00000000E+00-2.21083215E-01-2.05858397E-01
23  9 1.31678576E-01-1.66220535E-01 2.27052970E-11 0.00000000E+00 0.00000000E+00
23 10-4.87786085E-01 1.38442000E-01 2.79141484E-11-9.90221090E-02-4.84281281E-02
23 11-4.87786085E-01 1.38442000E-01-2.79140458E-11 9.90221090E-02-4.84281281E-02
23 12-4.87786085E-01 1.38442000E-01-9.90221090E-02-2.79141321E-11 4.84281281E-02
23 13-4.87786085E-01 1.38442000E-01 9.90221090E-02 2.79140247E-11 4.84281281E-02
24  1 0.00000000E+00 0.00000000E+00 0.00000000E+00 0.00000000E+00 0.00000000E+00
24  2-4.04078330E-01 0.00000000E+00 0.00000000E+00 9.41401004E-01 6.17702477E-02
24  3-6.17702477E-02 0.00000000E+00 1.30292196E-10 0.00000000E+00 0.00000000E+00
24  4-1.87387964E-01-2.30777249E-01 2.41528993E-01 0.00000000E+00 0.00000000E+00
24  5 1.17763441E-01 0.00000000E+00 0.00000000E+00-2.00034976E-02 1.04925410E-01
24  6-2.37979374E-01-1.74461689E-01 2.45621498E-11 0.00000000E+00 0.00000000E+00
24  7 1.87387964E-01 2.30777249E-01-2.41528993E-01 0.00000000E+00 0.00000000E+00
24  8 1.17763441E-01 0.00000000E+00 0.00000000E+00-2.00034976E-02 2.37979374E-01
24  9-1.04925410E-01 1.74461689E-01 2.45620160E-11 0.00000000E+00 0.00000000E+00
24 10-4.18297761E-01 1.48942513E-01 3.32177204E-11-9.03540677E-02-5.71834936E-02
24 11-4.18297761E-01 1.48942513E-01-3.32176930E-11 9.03540677E-02-5.71834936E-02
24 12 4.18297761E-01-1.48942513E-01 9.03540677E-02 3.32174498E-11-5.71834936E-02
24 13 4.18297761E-01-1.48942513E-01-9.03540677E-02-3.32178065E-11-5.71834936E-02
25  1 0.00000000E+00 0.00000000E+00 0.00000000E+00 7.16872095E-01 1.91952250E-01
25  2 0.00000000E+00-8.89500408E-01-2.38175829E-01 0.00000000E+00 0.00000000E+00
25  3 0.00000000E+00 0.00000000E+00 0.00000000E+00-9.65633717E-02 2.58561556E-02
25  4 0.00000000E+00 0.00000000E+00 0.00000000E+00-6.63826085E-01 4.01444794E-02
25  5 0.00000000E+00 9.76768485E-01-1.87957927E-01 0.00000000E+00 0.00000000E+00
25  6 0.00000000E+00 0.00000000E+00 0.00000000E+00-8.82422023E-02-1.24127923E-02
25  7 0.00000000E+00 0.00000000E+00 0.00000000E+00 1.49925085E-01-1.77748463E-01
25  8 0.00000000E+00-7.01954750E-01 2.61543045E-01 0.00000000E+00 0.00000000E+00
25  9 0.00000000E+00 0.00000000E+00 0.00000000E+00 4.63572849E-02 2.36280498E-02
25 10 5.98937574E-02 1.20500861E-01-2.68336156E-02-1.25888408E-02 1.04728685E-02
25 11-5.98937574E-02-1.20500861E-01-2.68336156E-02-1.25888408E-02-1.04728685E-02
25 12 2.23681472E-01 4.50027058E-01-4.70147599E-02-7.18506564E-03-3.91123671E-02
25 13-2.23681472E-01-4.50027058E-01-4.70147599E-02-7.18506564E-03 3.91123671E-02
26  1-0.00000000E+00-0.00000000E+00-0.00000000E+00-1.91952250E-01 7.16872095E-01
26  2-0.00000000E+00 2.38175829E-01-8.89500408E-01-0.00000000E+00-0.00000000E+00
26  3-0.00000000E+00-0.00000000E+00-0.00000000E+00 2.58561556E-02 9.65633717E-02
26  4-0.00000000E+00-0.00000000E+00-0.00000000E+00 1.77748463E-01 1.49925085E-01
26  5-0.00000000E+00-2.61543045E-01-7.01954750E-01-0.00000000E+00-0.00000000E+00
26  6-0.00000000E+00-0.00000000E+00-0.00000000E+00 2.36280498E-02-4.63572849E-02
26  7-0.00000000E+00-0.00000000E+00-0.00000000E+00-4.01444794E-02-6.63826085E-01
26  8-0.00000000E+00 1.87957927E-01 9.76768485E-01-0.00000000E+00-0.00000000E+00
26  9-0.00000000E+00-0.00000000E+00-0.00000000E+00-1.24127923E-02 8.82422023E-02
26 10 2.23681472E-01 4.50027058E-01 7.18506564E-03-4.70147599E-02 3.91123671E-02
26 11-2.23681472E-01-4.50027058E-01 7.18506564E-03-4.70147599E-02-3.91123671E-02
26 12-5.98937574E-02-1.20500861E-01 1.25888408E-02-2.68336156E-02 1.04728685E-02
26 13 5.98937574E-02 1.20500861E-01 1.25888408E-02-2.68336156E-02-1.04728685E-02
27  1-0.00000000E+00-0.00000000E+00-0.00000000E+00 6.57240359E-02-5.34100443E-03
27  2-0.00000000E+00-5.21797806E-01 4.24034005E-02-0.00000000E+00-0.00000000E+00
27  3-0.00000000E+00-0.00000000E+00-0.00000000E+00-1.31084759E-01-1.06524771E-02
27  4-0.00000000E+00-0.00000000E+00-0.00000000E+00 1.68760770E-01-4.46927957E-02
27  5-0.00000000E+00 1.40641516E-01 4.02805415E-02-0.00000000E+00-0.00000000E+00
27  6-0.00000000E+00-0.00000000E+00-0.00000000E+00 8.67350857E-02 2.99855403E-02
27  7-0.00000000E+00-0.00000000E+00-0.00000000E+00 5.49970138E-01-1.37141825E-02
27  8-0.00000000E+00-4.95674818E-01-1.14290991E-02-0.00000000E+00-0.00000000E+00
27  9-0.00000000E+00-0.00000000E+00-0.00000000E+00 3.68989039E-01 7.04844307E-03
27 10 4.35301462E-02-8.27700791E-02 3.87285350E-02 1.19398302E-02 1.26331020E-02
27 11-4.35301462E-02 8.27700791E-02 3.87285350E-02 1.19398302E-02-1.26331020E-02
27 12-5.35663097E-01 1.01853264E+00-1.46926365E-01-3.14723728E-03 1.55457472E-01
27 13 5.35663097E-01-1.01853264E+00-1.46926365E-01-3.14723728E-03-1.55457472E-01
28  1-0.00000000E+00-0.00000000E+00-0.00000000E+00 5.34100443E-03 6.57240359E-02
28  2-0.00000000E+00-4.24034005E-02-5.21797806E-01-0.00000000E+00-0.00000000E+00
28  3-0.00000000E+00-0.00000000E+00-0.00000000E+00-1.06524771E-02 1.31084759E-01
28  4-0.00000000E+00-0.00000000E+00-0.00000000E+00 1.37141825E-02 5.49970138E-01
28  5-0.00000000E+00 1.14290991E-02-4.95674818E-01-0.00000000E+00-0.00000000E+00
28  6-0.00000000E+00-0.00000000E+00-0.00000000E+00 7.04844307E-03-3.68989039E-01
28  7-0.00000000E+00-0.00000000E+00-0.00000000E+00 4.46927957E-02 1.68760770E-01
28  8-0.00000000E+00-4.02805415E-02 1.40641516E-01-0.00000000E+00-0.00000000E+00
28  9-0.00000000E+00-0.00000000E+00-0.00000000E+00 2.99855403E-02-8.67350857E-02
28 10-5.35663097E-01 1.01853264E+00 3.14723728E-03-1.46926365E-01-1.55457472E-01
28 11 5.35663097E-01-1.01853264E+00 3.14723728E-03-1.46926365E-01 1.55457472E-01
28 12-4.35301462E-02 8.27700791E-02-1.19398302E-02 3.87285350E-02 1.26331020E-02
28 13 4.35301462E-02-8.27700791E-02-1.19398302E-02 3.87285350E-02-1.26331020E-02
29  1-0.00000000E+00-0.00000000E+00-0.00000000E+00-0.00000000E+00-0.00000000E+00
29  2-3.66174909E-01-0.00000000E+00-0.00000000E+00 5.77738686E+00 2.29881103E-02
29  3-2.29881103E-02-0.00000000E+00 1.61931307E-10-0.00000000E+00-0.00000000E+00
29  4-2.99712622E-01-6.66518203E-01-2.52809915E+00-0.00000000E+00-0.00000000E+00
29  5-2.37188912E-01-0.00000000E+00-0.00000000E+00 2.46003599E+00-1.22970060E-01
29  6 5.92131566E-02-2.93775579E-01 1.00451028E-10-0.00000000E+00-0.00000000E+00
29  7 2.99712622E-01 6.66518203E-01 2.52809915E+00-0.00000000E+00-0.00000000E+00
29  8-2.37188912E-01-0.00000000E+00-0.00000000E+00 2.46003599E+00-5.92131566E-02
29  9 1.22970060E-01 2.93775579E-01 1.00450808E-10-0.00000000E+00-0.00000000E+00
29 10 2.59041470E-01-1.00986657E+00-0.00000000E+00 1.17175430E-01-5.74901156E-03
29 11 2.59041470E-01-1.00986657E+00-0.00000000E+00-1.17175430E-01-5.74901156E-03
29 12-2.59041470E-01 1.00986657E+00-1.17175430E-01-0.00000000E+00-5.74901156E-03
29 13-2.59041470E-01 1.00986657E+00 1.17175430E-01-0.00000000E+00-5.74901156E-03
30  1 0.00000000E+00 0.00000000E+00 0.00000000E+00-7.76727790E-03 4.52516344E-01
30  2 0.00000000E+00 3.15658212E-02-1.83900324E+00 0.00000000E+00 0.00000000E+00
30  3 0.00000000E+00 0.00000000E+00 0.00000000E+00-2.43747632E-05-1.42005968E-03
30  4 0.00000000E+00 0.00000000E+00 0.00000000E+00 4.57894692E-04-7.31680315E-01
30  5 0.00000000E+00-1.07492096E-02 3.23198805E+00 0.00000000E+00 0.00000000E+00
30  6 0.00000000E+00 0.00000000E+00 0.00000000E+00-1.37993848E-03-6.69533797E-02
30  7 0.00000000E+00 0.00000000E+00 0.00000000E+00 1.25590264E-02-2.66766263E-02
30  8 0.00000000E+00-5.54758991E-02 6.26241621E-01 0.00000000E+00 0.00000000E+00
30  9 0.00000000E+00 0.00000000E+00 0.00000000E+00-1.14923034E-03-8.03942738E-02
30 10-3.88582940E-01-1.37379709E+00-6.68474025E-04 1.15411271E-01 4.75715926E-02
30 11 3.88582940E-01 1.37379709E+00-6.68474025E-04 1.15411271E-01-4.75715926E-02
30 12 6.66988476E-03 2.35807275E-02-1.98099252E-03 3.89448394E-02 8.16549074E-04
30 13-6.66988476E-03-2.35807275E-02-1.98099252E-03 3.89448394E-02-8.16549074E-04
31  1-0.00000000E+00-0.00000000E+00-0.00000000E+00 4.52516344E-01 7.76727790E-03
31  2-0.00000000E+00-1.83900324E+00-3.15658212E-02-0.00000000E+00-0.00000000E+00
31  3-0.00000000E+00-0.00000000E+00-0.00000000E+00 1.42005968E-03-2.43747632E-05
31  4-0.00000000E+00-0.00000000E+00-0.00000000E+00-2.66766263E-02-1.25590264E-02
31  5-0.00000000E+00 6.26241621E-01 5.54758991E-02-0.00000000E+00-0.00000000E+00
31  6-0.00000000E+00-0.00000000E+00-0.00000000E+00 8.03942738E-02-1.14923034E-03
31  7-0.00000000E+00-0.00000000E+00-0.00000000E+00-7.31680315E-01-4.57894692E-04
31  8-0.00000000E+00 3.23198805E+00 1.07492096E-02-0.00000000E+00-0.00000000E+00
31  9-0.00000000E+00-0.00000000E+00-0.00000000E+00 6.69533797E-02-1.37993848E-03
31 10-6.66988476E-03-2.35807275E-02 3.89448394E-02 1.98099252E-03 8.16549074E-04
31 11 6.66988476E-03 2.35807275E-02 3.89448394E-02 1.98099252E-03-8.16549074E-04
31 12-3.88582940E-01-1.37379709E+00 1.15411271E-01 6.68474025E-04-4.75715926E-02
31 13 3.88582940E-01 1.37379709E+00 1.15411271E-01 6.68474025E-04 4.75715926E-02
32  1-3.05591084E-01-6.76367260E-01 2.70896304E+00-0.00000000E+00-0.00000000E+00
32  2-0.00000000E+00-0.00000000E+00-0.00000000E+00-0.00000000E+00-1.63916957E-01
32  3-1.63916957E-01 7.75055723E-02-0.00000000E+00-0.00000000E+00-0.00000000E+00
32  4-3.95303714E-01-7.98184887E-01 1.45307587E+00-0.00000000E+00-0.00000000E+00
32  5-3.84012712E-01-0.00000000E+00-0.00000000E+00 1.31804882E+00-1.25354644E-01
32  6 3.78497880E-02-3.39708114E-01 7.26964923E-11-0.00000000E+00-0.00000000E+00
32  7-3.95303714E-01-7.98184887E-01 1.45307587E+00-0.00000000E+00-0.00000000E+00
32  8 3.84012712E-01-0.00000000E+00-0.00000000E+00-1.31804882E+00 3.78497880E-02
32  9-1.25354644E-01-3.39708114E-01-7.26964225E-11-0.00000000E+00-0.00000000E+00
32 10 1.25364026E-01-9.81582846E-01-1.60290986E-11 1.14585667E-01 1.61666775E-02
32 11 1.25364026E-01-9.81582846E-01 1.60307424E-11-1.14585667E-01 1.61666775E-02
32 12 1.25364026E-01-9.81582846E-01 1.14585667E-01 1.60301970E-11-1.61666775E-02
32 13 1.25364026E-01-9.81582846E-01-1.14585667E-01-1.60297094E-11-1.61666775E-02
33  1-0.00000000E+00-0.00000000E+00-0.00000000E+00-0.00000000E+00-0.00000000E+00
33  2 2.90242516E-10-0.00000000E+00-0.00000000E+00 3.10364688E-10 8.91217079E-11
33  3-8.91220632E-11-0.00000000E+00 4.49362701E-01-0.00000000E+00-0.00000000E+00
33  4 3.97797605E-11 7.15260245E-11-6.49475738E-10-0.00000000E+00-0.00000000E+00
33  5 1.51219486E-10-0.00000000E+00-0.00000000E+00-2.50300689E-10-1.99086510E-11
33  6-1.83530450E-10 9.61951505E-11 4.03773800E-01-0.00000000E+00-0.00000000E+00
33  7-3.97795304E-11-7.15259283E-11 6.49469457E-10-0.00000000E+00-0.00000000E+00
33  8 1.51219708E-10-0.00000000E+00-0.00000000E+00-2.50301830E-10 1.83530225E-10
33  9 1.99102677E-11-9.61958828E-11 4.03773800E-01-0.00000000E+00-0.00000000E+00
33 10 1.43118715E-10 1.57122488E-10 1.71172589E-01-5.42955493E-11 7.28819122E-11
33 11 1.43118958E-10 1.57124537E-10-1.71172589E-01 5.42953937E-11 7.28819163E-11
33 12-1.43117236E-10-1.57124654E-10 5.42947237E-11 1.71172589E-01 7.28818445E-11
33 13-1.43118373E-10-1.57120704E-10-5.42944860E-11-1.71172589E-01 7.28821337E-11
34  1 1.38586184E-09 2.81664646E-09-1.71839391E-08-0.00000000E+00-0.00000000E+00
34  2-0.00000000E+00-0.00000000E+00-0.00000000E+00-0.00000000E+00 6.73345133E-10
34  3 6.73341600E-10-5.61944878E-10-0.00000000E+00-0.00000000E+00-0.00000000E+00
34  4-9.41549774E-10-1.92383188E-09 9.55961860E-09-0.00000000E+00-0.00000000E+00
34  5 9.97575955E-11-0.00000000E+00-0.00000000E+00-3.96570401E-09-1.34651526E-10
34  6-4.80291200E-10 2.15680652E-10-4.49491061E-01-0.00000000E+00-0.00000000E+00
34  7-9.41545963E-10-1.92382443E-09 9.55953440E-09-0.00000000E+00-0.00000000E+00
34  8-9.97587729E-11-0.00000000E+00-0.00000000E+00 3.96567183E-09-4.80288114E-10
34  9-1.34651857E-10 2.15680396E-10 4.49491061E-01-0.00000000E+00-0.00000000E+00
34 10-4.03365156E-10-2.00944168E-10-2.49651758E-01 1.39364581E-10-0.00000000E+00
34 11-4.03365665E-10-2.00944520E-10 2.49651758E-01-1.39364471E-10-0.00000000E+00
34 12-4.03365286E-10-2.00944259E-10 1.39364115E-10 2.49651758E-01-0.00000000E+00
34 13-4.03365479E-10-2.00945256E-10-1.39364071E-10-2.49651758E-01-0.00000000E+00
35  1-0.00000000E+00-0.00000000E+00-0.00000000E+00-0.00000000E+00-0.00000000E+00
35  2-4.95624795E-01-0.00000000E+00-0.00000000E+00 1.03880509E+01-4.00234859E-01
35  3 4.00234859E-01-0.00000000E+00-6.95179724E-11-0.00000000E+00-0.00000000E+00
35  4 4.21595294E-01 8.33703534E-01-9.43699128E+00-0.00000000E+00-0.00000000E+00
35  5 9.12380811E-02-0.00000000E+00-0.00000000E+00 3.65653847E+00-2.91929727E-02
35  6 3.46947675E-01-5.91879034E-02 6.98897950E-11-0.00000000E+00-0.00000000E+00
35  7-4.21595294E-01-8.33703534E-01 9.43699128E+00-0.00000000E+00-0.00000000E+00
35  8 9.12380811E-02-0.00000000E+00-0.00000000E+00 3.65653847E+00-3.46947675E-01
35  9 2.91929727E-02 5.91879034E-02 6.98937481E-11-0.00000000E+00-0.00000000E+00
35 10 1.37145752E-02-7.78598786E-02 1.17482147E-10-4.55423981E-02-1.22198241E-01
35 11 1.37145752E-02-7.78598786E-02-1.17481855E-10 4.55423981E-02-1.22198241E-01
35 12-1.37145752E-02 7.78598786E-02 4.55423981E-02 1.17484009E-10-1.22198241E-01
35 13-1.37145752E-02 7.78598786E-02-4.55423981E-02-1.17484364E-10-1.22198241E-01
36  1-7.04227289E-01-1.44623501E+00 8.77002544E+00 0.00000000E+00 0.00000000E+00
36  2 0.00000000E+00 0.00000000E+00 0.00000000E+00 0.00000000E+00-3.06291822E-01
36  3-3.06291822E-01 2.80451231E-01 0.00000000E+00 0.00000000E+00 0.00000000E+00
36  4 4.25650141E-01 8.66623217E-01-4.61881269E+00 0.00000000E+00 0.00000000E+00
36  5 2.65568569E-02 0.00000000E+00 0.00000000E+00 2.07545945E+00 1.83560764E-02
36  6 3.25260462E-01-1.60617459E-01-8.61005982E-10 0.00000000E+00 0.00000000E+00
36  7 4.25650141E-01 8.66623217E-01-4.61881269E+00 0.00000000E+00 0.00000000E+00
36  8-2.65568569E-02 0.00000000E+00 0.00000000E+00-2.07545945E+00 3.25260462E-01
36  9 1.83560764E-02-1.60617459E-01 8.61005823E-10 0.00000000E+00 0.00000000E+00
36 10 1.33808641E-01 4.06847765E-02-4.95128208E-10-6.30804673E-02-4.72883957E-02
36 11 1.33808641E-01 4.06847765E-02 4.95127705E-10 6.30804673E-02-4.72883957E-02
36 12 1.33808641E-01 4.06847765E-02-6.30804673E-02 4.95127927E-10 4.72883957E-02
36 13 1.33808641E-01 4.06847765E-02 6.30804673E-02-4.95127875E-10 4.72883957E-02
37  1 0.00000000E+00 0.00000000E+00 0.00000000E+00 0.00000000E+00 0.00000000E+00
37  2 4.02131786E-01 0.00000000E+00 0.00000000E+00 4.70358560E+00-1.19569024E-01
37  3 1.19569024E-01 0.00000000E+00-9.56879516E-11 0.00000000E+00 0.00000000E+00
37  4-2.38808240E-01-5.90017150E-01-3.01642967E+00 0.00000000E+00 0.00000000E+00
37  5 7.09699050E-01 0.00000000E+00 0.00000000E+00 8.72248288E-01-2.30964308E-01
37  6-1.17169758E-01 1.35207449E-01-8.75917455E-11 0.00000000E+00 0.00000000E+00
37  7 2.38808240E-01 5.90017150E-01 3.01642967E+00 0.00000000E+00 0.00000000E+00
37  8 7.09699050E-01 0.00000000E+00 0.00000000E+00 8.72248288E-01 1.17169758E-01
37  9 2.30964308E-01-1.35207449E-01-8.75915479E-11 0.00000000E+00 0.00000000E+00
37 10 9.17734096E-02-1.41296167E-01-5.47630946E-11-5.26531667E-02 6.81067212E-03
37 11 9.17734096E-02-1.41296167E-01 5.47627815E-11 5.26531667E-02 6.81067212E-03
37 12-9.17734096E-02 1.41296167E-01 5.26531667E-02-5.47626087E-11 6.81067212E-03
37 13-9.17734096E-02 1.41296167E-01-5.26531667E-02 5.47630395E-11 6.81067212E-03
38  1 0.00000000E+00 0.00000000E+00 0.00000000E+00 0.00000000E+00 0.00000000E+00
38  2-2.77043380E-01 0.00000000E+00 0.00000000E+00 1.04124319E+01 6.40161250E-01
38  3-6.40161250E-01 0.00000000E+00-7.96865644E-10 0.00000000E+00 0.00000000E+00
38  4 4.32428949E-01 7.77012120E-01-9.89119724E+00 0.00000000E+00 0.00000000E+00
38  5 2.50131574E-01 0.00000000E+00 0.00000000E+00 3.13245502E+00 1.85911366E-01
38  6 6.12996840E-02-1.65263578E-02 3.66173324E-11 0.00000000E+00 0.00000000E+00
38  7-4.32428949E-01-7.77012120E-01 9.89119724E+00 0.00000000E+00 0.00000000E+00
38  8 2.50131574E-01 0.00000000E+00 0.00000000E+00 3.13245502E+00-6.12996840E-02
38  9-1.85911366E-01 1.65263578E-02 3.66173409E-11 0.00000000E+00 0.00000000E+00
38 10 3.76080053E-01 6.39004719E-02 2.14839371E-10-4.67881834E-02-1.70811588E-02
38 11 3.76080053E-01 6.39004719E-02-2.14839708E-10 4.67881834E-02-1.70811588E-02
38 12-3.76080053E-01-6.39004719E-02 4.67881834E-02 2.14839374E-10-1.70811588E-02
38 13-3.76080053E-01-6.39004719E-02-4.67881834E-02-2.14839722E-10-1.70811588E-02
39  1 0.00000000E+00 0.00000000E+00 0.00000000E+00 0.00000000E+00 0.00000000E+00
39  2-2.13042990E-10 0.00000000E+00 0.00000000E+00 9.97740383E-09 5.36611425E-10
39  3-5.36611436E-10 0.00000000E+00 8.08101841E-01 0.00000000E+00 0.00000000E+00
39  4 4.54677793E-10 8.82677949E-10-9.59642973E-09 0.00000000E+00 0.00000000E+00
39  5 1.88994703E-10 0.00000000E+00 0.00000000E+00 3.15925246E-09 5.88312789E-11
39  6 1.24564674E-10-1.86463930E-11-8.74715983E-02 0.00000000E+00 0.00000000E+00
39  7-4.54677816E-10-8.82677876E-10 9.59643077E-09 0.00000000E+00 0.00000000E+00
39  8 1.88994647E-10 0.00000000E+00 0.00000000E+00 3.15925245E-09-1.24564510E-10
39  9-5.88318665E-11 1.86466359E-11-8.74715983E-02 0.00000000E+00 0.00000000E+00
39 10 2.86875176E-10 6.78835589E-11-2.87047635E-01-8.65838839E-11-9.98192879E-11
39 11 2.86873568E-10 6.78847592E-11 2.87047635E-01 8.65831115E-11-9.98189577E-11
39 12-2.86872172E-10-6.78836510E-11 8.65827523E-11-2.87047635E-01-9.98199587E-11
39 13-2.86877236E-10-6.78850277E-11-8.65846064E-11 2.87047635E-01-9.98181994E-11
40  1-0.00000000E+00-0.00000000E+00-0.00000000E+00-2.49314506E-03-9.88539902E-02
40  2-0.00000000E+00-2.94449782E-02-1.16750296E+00-0.00000000E+00-0.00000000E+00
40  3-0.00000000E+00-0.00000000E+00-0.00000000E+00 1.02126396E-02-4.04934484E-01
40  4-0.00000000E+00-0.00000000E+00-0.00000000E+00-4.27427235E-03 3.00646584E-02
40  5-0.00000000E+00 1.83289771E-02 1.37650390E+00-0.00000000E+00-0.00000000E+00
40  6-0.00000000E+00-0.00000000E+00-0.00000000E+00-1.60690187E-02-4.78582985E-02
40  7-0.00000000E+00-0.00000000E+00-0.00000000E+00 7.58244617E-04-1.69476288E-01
40  8-0.00000000E+00 3.47160814E-02 7.26749897E-01-0.00000000E+00-0.00000000E+00
40  9-0.00000000E+00-0.00000000E+00-0.00000000E+00 1.20700900E-03 6.37141812E-01
40 10-3.96289918E-01-3.45251308E-01-5.98946983E-03 4.62391328E-02-2.03263189E-01
40 11 3.96289918E-01 3.45251308E-01-5.98946983E-03 4.62391328E-02 2.03263189E-01
40 12-9.99461968E-03-8.70740197E-03 1.16617292E-03-2.37484423E-01 5.12639394E-03
40 13 9.99461968E-03 8.70740197E-03 1.16617292E-03-2.37484423E-01-5.12639394E-03
41  1 0.00000000E+00 0.00000000E+00 0.00000000E+00-9.88539902E-02 2.49314506E-03
41  2 0.00000000E+00-1.16750296E+00 2.94449782E-02 0.00000000E+00 0.00000000E+00
41  3 0.00000000E+00 0.00000000E+00 0.00000000E+00 4.04934484E-01 1.02126396E-02
41  4 0.00000000E+00 0.00000000E+00 0.00000000E+00-1.69476288E-01-7.58244617E-04
41  5 0.00000000E+00 7.26749897E-01-3.47160814E-02 0.00000000E+00 0.00000000E+00
41  6 0.00000000E+00 0.00000000E+00 0.00000000E+00-6.37141812E-01 1.20700900E-03
41  7 0.00000000E+00 0.00000000E+00 0.00000000E+00 3.00646584E-02 4.27427235E-03
41  8 0.00000000E+00 1.37650390E+00-1.83289771E-02 0.00000000E+00 0.00000000E+00
41  9 0.00000000E+00 0.00000000E+00 0.00000000E+00 4.78582985E-02-1.60690187E-02
41 10 9.99461968E-03 8.70740197E-03-2.37484423E-01-1.16617292E-03 5.12639394E-03
41 11-9.99461968E-03-8.70740197E-03-2.37484423E-01-1.16617292E-03-5.12639394E-03
41 12-3.96289918E-01-3.45251308E-01 4.62391328E-02 5.98946983E-03 2.03263189E-01
41 13 3.96289918E-01 3.45251308E-01 4.62391328E-02 5.98946983E-03-2.03263189E-01
42  1 3.75614188E-01 6.98572410E-01 2.41426503E-01-0.00000000E+00-0.00000000E+00
42  2-0.00000000E+00-0.00000000E+00-0.00000000E+00-0.00000000E+00 2.26845147E-01
42  3 2.26845147E-01 1.58501599E-01-0.00000000E+00-0.00000000E+00-0.00000000E+00
42  4-9.51259017E-02-2.01974486E-01 2.43954423E-01-0.00000000E+00-0.00000000E+00
42  5 1.99775206E-01-0.00000000E+00-0.00000000E+00 7.83112112E-01-1.69977927E-01
42  6 4.46758075E-01-3.26532637E-01 5.67995446E-11-0.00000000E+00-0.00000000E+00
42  7-9.51259017E-02-2.01974486E-01 2.43954423E-01-0.00000000E+00-0.00000000E+00
42  8-1.99775206E-01-0.00000000E+00-0.00000000E+00-7.83112112E-01 4.46758075E-01
42  9-1.69977927E-01-3.26532637E-01-5.67993771E-11-0.00000000E+00-0.00000000E+00
42 10-3.78647200E-01-8.89413228E-02 1.43739039E-10 7.10809577E-02-3.36235886E-01
42 11-3.78647200E-01-8.89413228E-02-1.43739572E-10-7.10809577E-02-3.36235886E-01
42 12-3.78647200E-01-8.89413228E-02 7.10809577E-02-1.43739176E-10 3.36235886E-01
42 13-3.78647200E-01-8.89413228E-02-7.10809577E-02 1.43739200E-10 3.36235886E-01
43  1-0.00000000E+00-0.00000000E+00-0.00000000E+00 1.31013808E-03 3.30936946E-02
43  2-0.00000000E+00-2.84815348E-02-7.19434891E-01-0.00000000E+00-0.00000000E+00
43  3-0.00000000E+00-0.00000000E+00-0.00000000E+00 7.37167476E-03-1.86206261E-01
43  4-0.00000000E+00-0.00000000E+00-0.00000000E+00-1.71832158E-03-8.93190103E-02
43  5-0.00000000E+00 8.71276329E-03 1.86615460E+00-0.00000000E+00-0.00000000E+00
43  6-0.00000000E+00-0.00000000E+00-0.00000000E+00-2.09943374E-03 2.46506453E-01
43  7-0.00000000E+00-0.00000000E+00-0.00000000E+00-3.53602880E-03-4.34042682E-02
43  8-0.00000000E+00 7.38787454E-02 2.20081746E-01-0.00000000E+00-0.00000000E+00
43  9-0.00000000E+00-0.00000000E+00-0.00000000E+00-9.75888467E-03 5.30310564E-02
43 10-6.45303174E-01-5.53216658E-01-4.74378137E-04-4.95697856E-01 4.26974746E-01
43 11 6.45303174E-01 5.53216658E-01-4.74378137E-04-4.95697856E-01-4.26974746E-01
43 12-2.55467520E-02-2.19011612E-02-1.96240631E-02-1.19826482E-02-1.69034005E-02
43 13 2.55467520E-02 2.19011612E-02-1.96240631E-02-1.19826482E-02 1.69034005E-02
44  1 0.00000000E+00 0.00000000E+00 0.00000000E+00 3.30936946E-02-1.31013808E-03
44  2 0.00000000E+00-7.19434891E-01 2.84815348E-02 0.00000000E+00 0.00000000E+00
44  3 0.00000000E+00 0.00000000E+00 0.00000000E+00 1.86206261E-01 7.37167476E-03
44  4 0.00000000E+00 0.00000000E+00 0.00000000E+00-4.34042682E-02 3.53602880E-03
44  5 0.00000000E+00 2.20081746E-01-7.38787454E-02 0.00000000E+00 0.00000000E+00
44  6 0.00000000E+00 0.00000000E+00 0.00000000E+00-5.30310564E-02-9.75888467E-03
44  7 0.00000000E+00 0.00000000E+00 0.00000000E+00-8.93190103E-02 1.71832158E-03
44  8 0.00000000E+00 1.86615460E+00-8.71276329E-03 0.00000000E+00 0.00000000E+00
44  9 0.00000000E+00 0.00000000E+00 0.00000000E+00-2.46506453E-01-2.09943374E-03
44 10 2.55467520E-02 2.19011612E-02-1.19826482E-02 1.96240631E-02-1.69034005E-02
44 11-2.55467520E-02-2.19011612E-02-1.19826482E-02 1.96240631E-02 1.69034005E-02
44 12-6.45303174E-01-5.53216658E-01-4.95697856E-01 4.74378137E-04-4.26974746E-01
44 13 6.45303174E-01 5.53216658E-01-4.95697856E-01 4.74378137E-04 4.26974746E-01
45  1 0.00000000E+00 0.00000000E+00 0.00000000E+00 1.55570583E-01 6.32506948E-02
45  2 0.00000000E+00 2.52904984E-01 1.02824169E-01 0.00000000E+00 0.00000000E+00
45  3 0.00000000E+00 0.00000000E+00 0.00000000E+00 4.97885955E-01-2.02426654E-01
45  4 0.00000000E+00 0.00000000E+00 0.00000000E+00-3.14118682E-01 2.30380361E-02
45  5 0.00000000E+00-4.61757696E-01-4.08838105E-02 0.00000000E+00 0.00000000E+00
45  6 0.00000000E+00 0.00000000E+00 0.00000000E+00 1.14333995E-01 1.05735942E-01
45  7 0.00000000E+00 0.00000000E+00 0.00000000E+00 5.66640527E-02-1.27711965E-01
45  8 0.00000000E+00-1.00557287E-01-1.87737903E-01 0.00000000E+00 0.00000000E+00
45  9 0.00000000E+00 0.00000000E+00 0.00000000E+00-2.60066742E-01-4.64850387E-02
45 10-6.52554626E-02 6.51630938E-02 5.62211648E-01 2.54315021E-04-1.04140406E-01
45 11 6.52554626E-02-6.51630938E-02 5.62211648E-01 2.54315021E-04 1.04140406E-01
45 12-1.60501484E-01 1.60274295E-01 6.25509793E-04 2.28579701E-01 2.56142383E-01
45 13 1.60501484E-01-1.60274295E-01 6.25509793E-04 2.28579701E-01-2.56142383E-01
46  1 0.00000000E+00 0.00000000E+00 0.00000000E+00-6.32506948E-02 1.55570583E-01
46  2 0.00000000E+00-1.02824169E-01 2.52904984E-01 0.00000000E+00 0.00000000E+00
46  3 0.00000000E+00 0.00000000E+00 0.00000000E+00-2.02426654E-01-4.97885955E-01
46  4 0.00000000E+00 0.00000000E+00 0.00000000E+00 1.27711965E-01 5.66640527E-02
46  5 0.00000000E+00 1.87737903E-01-1.00557287E-01 0.00000000E+00 0.00000000E+00
46  6 0.00000000E+00 0.00000000E+00 0.00000000E+00-4.64850387E-02 2.60066742E-01
46  7 0.00000000E+00 0.00000000E+00 0.00000000E+00-2.30380361E-02-3.14118682E-01
46  8 0.00000000E+00 4.08838105E-02-4.61757696E-01 0.00000000E+00 0.00000000E+00
46  9 0.00000000E+00 0.00000000E+00 0.00000000E+00 1.05735942E-01-1.14333995E-01
46 10-1.60501484E-01 1.60274295E-01-2.28579701E-01 6.25509793E-04-2.56142383E-01
46 11 1.60501484E-01-1.60274295E-01-2.28579701E-01 6.25509793E-04 2.56142383E-01
46 12 6.52554626E-02-6.51630938E-02-2.54315021E-04 5.62211648E-01-1.04140406E-01
46 13-6.52554626E-02 6.51630938E-02-2.54315021E-04 5.62211648E-01 1.04140406E-01
47  1 2.41655654E-01 2.75228706E-01 3.10932432E+00-0.00000000E+00-0.00000000E+00
47  2-0.00000000E+00-0.00000000E+00-0.00000000E+00-0.00000000E+00 3.44333074E-01
47  3 3.44333074E-01 3.65229225E-01-0.00000000E+00-0.00000000E+00-0.00000000E+00
47  4 3.37737837E-01 5.39826907E-01-2.78528610E+00-0.00000000E+00-0.00000000E+00
47  5 2.62028917E-01-0.00000000E+00-0.00000000E+00 1.01356393E+00 8.76690127E-01
47  6 9.95046041E-02-6.05565700E-01-1.68959655E-10-0.00000000E+00-0.00000000E+00
47  7 3.37737837E-01 5.39826907E-01-2.78528610E+00-0.00000000E+00-0.00000000E+00
47  8-2.62028917E-01-0.00000000E+00-0.00000000E+00-1.01356393E+00 9.95046041E-02
47  9 8.76690127E-01-6.05565700E-01 1.68959214E-10-0.00000000E+00-0.00000000E+00
47 10 2.63253960E-01 1.07387099E-01 1.12610786E-10 1.09436191E-01 2.11806827E-02
47 11 2.63253960E-01 1.07387099E-01-1.12603055E-10-1.09436191E-01 2.11806827E-02
47 12 2.63253960E-01 1.07387099E-01 1.09436191E-01-1.12608790E-10-2.11806827E-02
47 13 2.63253960E-01 1.07387099E-01-1.09436191E-01 1.12605568E-10-2.11806827E-02
48  1-0.00000000E+00-0.00000000E+00-0.00000000E+00-0.00000000E+00-0.00000000E+00
48  2-7.14774461E-01-0.00000000E+00-0.00000000E+00 2.60970965E+00-2.79076445E-01
48  3 2.79076445E-01-0.00000000E+00 2.64034455E-11-0.00000000E+00-0.00000000E+00
48  4 1.80108269E-01 3.46482801E-01-2.49017873E+00-0.00000000E+00-0.00000000E+00
48  5-1.21941594E-01-0.00000000E+00-0.00000000E+00 2.45783810E-02 2.06483233E-01
48  6-1.49620575E-01 1.67817153E-01-3.16454444E-11-0.00000000E+00-0.00000000E+00
48  7-1.80108269E-01-3.46482801E-01 2.49017873E+00-0.00000000E+00-0.00000000E+00
48  8-1.21941594E-01-0.00000000E+00-0.00000000E+00 2.45783810E-02 1.49620575E-01
48  9-2.06483233E-01-1.67817153E-01-3.16455458E-11-0.00000000E+00-0.00000000E+00
48 10 2.64023377E-01 1.08247112E-01-8.26222278E-11-9.56860664E-02 4.45229389E-01
48 11 2.64023377E-01 1.08247112E-01 8.26190069E-11 9.56860664E-02 4.45229389E-01
48 12-2.64023377E-01-1.08247112E-01 9.56860664E-02-8.26215451E-11 4.45229389E-01
48 13-2.64023377E-01-1.08247112E-01-9.56860664E-02 8.26197932E-11 4.45229389E-01
49  1 0.00000000E+00 0.00000000E+00 0.00000000E+00 3.44498370E-01-2.53888790E-01
49  2 0.00000000E+00 3.72498363E-02-2.74524257E-02 0.00000000E+00 0.00000000E+00
49  3 0.00000000E+00 0.00000000E+00 0.00000000E+00 2.49048919E-01 1.83544349E-01
49  4 0.00000000E+00 0.00000000E+00 0.00000000E+00 3.59704903E-02 7.09436570E-02
49  5 0.00000000E+00 7.08288088E-02 6.43734704E-02 0.00000000E+00 0.00000000E+00
49  6 0.00000000E+00 0.00000000E+00 0.00000000E+00 7.22516425E-01-2.57500356E-01
49  7 0.00000000E+00 0.00000000E+00 0.00000000E+00-9.62625178E-02-2.65095717E-02
49  8 0.00000000E+00-8.73475175E-02-5.21994940E-02 0.00000000E+00 0.00000000E+00
49  9 0.00000000E+00 0.00000000E+00 0.00000000E+00-3.49398856E-01 5.32480956E-01
49 10 9.41122978E-02-1.29606016E-01-4.20760133E-01 3.50359722E-02 2.01529238E-01
49 11-9.41122978E-02 1.29606016E-01-4.20760133E-01 3.50359722E-02-2.01529238E-01
49 12-1.27699742E-01 1.75860703E-01-4.75398513E-02 3.10092269E-01 2.73452380E-01
49 13 1.27699742E-01-1.75860703E-01-4.75398513E-02 3.10092269E-01-2.73452380E-01
50  1-0.00000000E+00-0.00000000E+00-0.00000000E+00-2.53888790E-01-3.44498370E-01
50  2-0.00000000E+00-2.74524257E-02-3.72498363E-02-0.00000000E+00-0.00000000E+00
50  3-0.00000000E+00-0.00000000E+00-0.00000000E+00-1.83544349E-01 2.49048919E-01
50  4-0.00000000E+00-0.00000000E+00-0.00000000E+00-2.65095717E-02 9.62625178E-02
50  5-0.00000000E+00-5.21994940E-02 8.73475175E-02-0.00000000E+00-0.00000000E+00
50  6-0.00000000E+00-0.00000000E+00-0.00000000E+00-5.32480956E-01-3.49398856E-01
50  7-0.00000000E+00-0.00000000E+00-0.00000000E+00 7.09436570E-02-3.59704903E-02
50  8-0.00000000E+00 6.43734704E-02-7.08288088E-02-0.00000000E+00-0.00000000E+00
50  9-0.00000000E+00-0.00000000E+00-0.00000000E+00 2.57500356E-01 7.22516425E-01
50 10 1.27699742E-01-1.75860703E-01 3.10092269E-01 4.75398513E-02 2.73452380E-01
50 11-1.27699742E-01 1.75860703E-01 3.10092269E-01 4.75398513E-02-2.73452380E-01
50 12 9.41122978E-02-1.29606016E-01 3.50359722E-02 4.20760133E-01-2.01529238E-01
50 13-9.41122978E-02 1.29606016E-01 3.50359722E-02 4.20760133E-01 2.01529238E-01
51  1 1.00996822E-10 1.88188686E-10 8.58271688E-10 0.00000000E+00 0.00000000E+00
51  2 0.00000000E+00 0.00000000E+00 0.00000000E+00 0.00000000E+00 7.08921061E-11
51  3 7.08921322E-11 1.51311275E-10 0.00000000E+00 0.00000000E+00 0.00000000E+00
51  4 5.09012175E-11 1.13506432E-10-6.50841621E-10 0.00000000E+00 0.00000000E+00
51  5 7.39845782E-11 0.00000000E+00 0.00000000E+00 3.45439930E-10 1.90012614E-10
51  6-9.40875361E-11-1.77181066E-10 7.21747322E-01 0.00000000E+00 0.00000000E+00
51  7 5.09011863E-11 1.13506372E-10-6.50841050E-10 0.00000000E+00 0.00000000E+00
51  8-7.39845296E-11 0.00000000E+00 0.00000000E+00-3.45439684E-10-9.40875438E-11
51  9 1.90012551E-10-1.77181026E-10-7.21747322E-01 0.00000000E+00 0.00000000E+00
51 10 6.63302413E-11 1.51020225E-11-5.50323055E-01 0.00000000E+00-1.11496034E-10
51 11 6.63314647E-11 1.51015515E-11 5.50323055E-01 0.00000000E+00-1.11494811E-10
51 12 6.63311957E-11 1.51016831E-11 0.00000000E+00 5.50323055E-01 1.11495093E-10
51 13 6.63304681E-11 1.51019264E-11 0.00000000E+00-5.50323055E-01 1.11495741E-10
52  1-0.00000000E+00-0.00000000E+00-0.00000000E+00-0.00000000E+00-0.00000000E+00
52  2 7.79042974E-01-0.00000000E+00-0.00000000E+00 7.09620769E+00-2.97848155E-01
52  3 2.97848155E-01-0.00000000E+00 2.20267575E-10-0.00000000E+00-0.00000000E+00
52  4 3.59283558E-01 5.12911191E-01-7.05943071E+00-0.00000000E+00-0.00000000E+00
52  5 5.48018655E-01-0.00000000E+00-0.00000000E+00 2.80444144E+00 8.78791477E-01
52  6 6.98053023E-02-4.29727544E-01-2.44327284E-10-0.00000000E+00-0.00000000E+00
52  7-3.59283558E-01-5.12911191E-01 7.05943071E+00-0.00000000E+00-0.00000000E+00
52  8 5.48018655E-01-0.00000000E+00-0.00000000E+00 2.80444144E+00-6.98053023E-02
52  9-8.78791477E-01 4.29727544E-01-2.44327227E-10-0.00000000E+00-0.00000000E+00
52 10 2.59603039E-01-1.91019752E-01 1.30375886E-10 2.49406277E-01-2.45206822E-02
52 11 2.59603039E-01-1.91019752E-01-1.30376807E-10-2.49406277E-01-2.45206822E-02
52 12-2.59603039E-01 1.91019752E-01-2.49406277E-01 1.30376300E-10-2.45206822E-02
52 13-2.59603039E-01 1.91019752E-01 2.49406277E-01-1.30376306E-10-2.45206822E-02
53  1-0.00000000E+00-0.00000000E+00-0.00000000E+00-0.00000000E+00-0.00000000E+00
53  2 2.17577249E-10-0.00000000E+00-0.00000000E+00 2.32182610E-09-1.25526298E-10
53  3 1.25526326E-10-0.00000000E+00-4.92589276E-01-0.00000000E+00-0.00000000E+00
53  4 1.04483392E-10 1.87552138E-10-2.20845107E-09-0.00000000E+00-0.00000000E+00
53  5 1.45051149E-10-0.00000000E+00-0.00000000E+00 9.36693889E-10 2.44420381E-10
53  6-9.19739489E-11-1.41824292E-10 7.87309270E-01-0.00000000E+00-0.00000000E+00
53  7-1.04483359E-10-1.87552063E-10 2.20845101E-09-0.00000000E+00-0.00000000E+00
53  8 1.45051114E-10-0.00000000E+00-0.00000000E+00 9.36693815E-10 9.19739345E-11
53  9-2.44420373E-10 1.41824296E-10 7.87309270E-01-0.00000000E+00-0.00000000E+00
53 10 8.78054883E-11-7.38758683E-11-5.11554407E-01 6.23228645E-11-7.36835649E-11
53 11 8.78055822E-11-7.38745998E-11 5.11554407E-01-6.23222844E-11-7.36850573E-11
53 12-8.78056485E-11 7.38751597E-11-6.23226913E-11-5.11554407E-01-7.36844372E-11
53 13-8.78054509E-11 7.38752642E-11 6.23223468E-11 5.11554407E-01-7.36841939E-11
54  1-3.72308290E-01-2.95359686E-01 5.60745971E+00-0.00000000E+00-0.00000000E+00
54  2-0.00000000E+00-0.00000000E+00-0.00000000E+00-0.00000000E+00-8.06844301E-01
54  3-8.06844301E-01 1.07759194E-01-0.00000000E+00-0.00000000E+00-0.00000000E+00
54  4 9.84478212E-02 3.50143174E-01-1.42463030E+00-0.00000000E+00-0.00000000E+00
54  5 3.49808707E-01-0.00000000E+00-0.00000000E+00 1.49019062E+00-6.62018727E-02
54  6-6.86732615E-01 8.50183420E-02-6.82456002E-11-0.00000000E+00-0.00000000E+00
54  7 9.84478212E-02 3.50143174E-01-1.42463030E+00-0.00000000E+00-0.00000000E+00
54  8-3.49808707E-01-0.00000000E+00-0.00000000E+00-1.49019062E+00-6.86732615E-01
54  9-6.62018727E-02 8.50183420E-02 6.82456528E-11-0.00000000E+00-0.00000000E+00
54 10 1.79016417E-01-4.23263686E-01 3.20434546E-11 4.01468822E-01-3.66213876E-01
54 11 1.79016417E-01-4.23263686E-01-3.20434971E-11-4.01468822E-01-3.66213876E-01
54 12 1.79016417E-01-4.23263686E-01 4.01468822E-01-3.20434432E-11 3.66213876E-01
54 13 1.79016417E-01-4.23263686E-01-4.01468822E-01 3.20433488E-11 3.66213876E-01
55  1 0.00000000E+00 0.00000000E+00 0.00000000E+00-5.18405753E-03 5.50562565E-05
55  2 0.00000000E+00-4.11734800E-02 4.37273900E-04 0.00000000E+00 0.00000000E+00
55  3 0.00000000E+00 0.00000000E+00 0.00000000E+00 9.92743352E-01 1.05432118E-02
55  4 0.00000000E+00 0.00000000E+00 0.00000000E+00-2.18745698E-01-1.19410156E-02
55  5 0.00000000E+00-1.07965380E-01-8.61470086E-03 0.00000000E+00 0.00000000E+00
55  6 0.00000000E+00 0.00000000E+00 0.00000000E+00 6.47714579E-01 1.29073755E-03
55  7 0.00000000E+00 0.00000000E+00 0.00000000E+00 1.12435984E+00 2.32314038E-03
55  8 0.00000000E+00 8.11155755E-01 1.14662249E-03 0.00000000E+00 0.00000000E+00
55  9 0.00000000E+00 0.00000000E+00 0.00000000E+00 1.21535182E-01 6.87890985E-03
55 10 5.15902248E-03 6.31196788E-03-1.14371907E-01-5.83134039E-03-6.19484265E-03
55 11-5.15902248E-03-6.31196788E-03-1.14371907E-01-5.83134039E-03 6.19484265E-03
55 12-4.85770872E-01-5.94331614E-01 5.49075981E-01 1.21466166E-03-5.83303166E-01
55 13 4.85770872E-01 5.94331614E-01 5.49075981E-01 1.21466166E-03 5.83303166E-01
56  1 0.00000000E+00 0.00000000E+00 0.00000000E+00-5.50562565E-05-5.18405753E-03
56  2 0.00000000E+00-4.37273900E-04-4.11734800E-02 0.00000000E+00 0.00000000E+00
56  3 0.00000000E+00 0.00000000E+00 0.00000000E+00 1.05432118E-02-9.92743352E-01
56  4 0.00000000E+00 0.00000000E+00 0.00000000E+00-2.32314038E-03 1.12435984E+00
56  5 0.00000000E+00-1.14662249E-03 8.11155755E-01 0.00000000E+00 0.00000000E+00
56  6 0.00000000E+00 0.00000000E+00 0.00000000E+00 6.87890985E-03-1.21535182E-01
56  7 0.00000000E+00 0.00000000E+00 0.00000000E+00 1.19410156E-02-2.18745698E-01
56  8 0.00000000E+00 8.61470086E-03-1.07965380E-01 0.00000000E+00 0.00000000E+00
56  9 0.00000000E+00 0.00000000E+00 0.00000000E+00 1.29073755E-03-6.47714579E-01
56 10-4.85770872E-01-5.94331614E-01-1.21466166E-03 5.49075981E-01 5.83303166E-01
56 11 4.85770872E-01 5.94331614E-01-1.21466166E-03 5.49075981E-01-5.83303166E-01
56 12-5.15902248E-03-6.31196788E-03 5.83134039E-03-1.14371907E-01-6.19484265E-03
56 13 5.15902248E-03 6.31196788E-03 5.83134039E-03-1.14371907E-01 6.19484265E-03
57  1 0.00000000E+00 0.00000000E+00 0.00000000E+00 0.00000000E+00 0.00000000E+00
57  2-7.48921514E-01 0.00000000E+00 0.00000000E+00 1.94314964E+00-3.70174096E-02
57  3 3.70174096E-02 0.00000000E+00 2.56271744E-11 0.00000000E+00 0.00000000E+00
57  4 2.24506393E-01 7.03265456E-01-4.86638418E-01 0.00000000E+00 0.00000000E+00
57  5 1.89660446E-01 0.00000000E+00 0.00000000E+00 8.20955671E-01-5.39470106E-01
57  6-5.50044137E-01 4.66763715E-01-3.58418752E-11 0.00000000E+00 0.00000000E+00
57  7-2.24506393E-01-7.03265456E-01 4.86638418E-01 0.00000000E+00 0.00000000E+00
57  8 1.89660446E-01 0.00000000E+00 0.00000000E+00 8.20955671E-01 5.50044137E-01
57  9 5.39470106E-01-4.66763715E-01-3.58418634E-11 0.00000000E+00 0.00000000E+00
57 10-1.77695998E-01-4.00714083E-01 1.14770741E-11 5.83723857E-01-1.13607310E-01
57 11-1.77695998E-01-4.00714083E-01-1.14800260E-11-5.83723857E-01-1.13607310E-01
57 12 1.77695998E-01 4.00714083E-01-5.83723857E-01 1.14785360E-11-1.13607310E-01
57 13 1.77695998E-01 4.00714083E-01 5.83723857E-01-1.14785686E-11-1.13607310E-01
58  1 2.64836584E-01 1.13604125E+00 4.13936512E+00-0.00000000E+00-0.00000000E+00
58  2-0.00000000E+00-0.00000000E+00-0.00000000E+00-0.00000000E+00-1.17161369E+00
58  3-1.17161369E+00 2.60600538E-01-0.00000000E+00-0.00000000E+00-0.00000000E+00
58  4-2.76758041E-01-5.79960523E-01-1.78035265E+00-0.00000000E+00-0.00000000E+00
58  5 5.33526982E-02-0.00000000E+00-0.00000000E+00 6.92517093E-01 4.13565300E-01
58  6-1.81132925E-01-7.66892640E-01-2.94402045E-11-0.00000000E+00-0.00000000E+00
58  7-2.76758041E-01-5.79960523E-01-1.78035265E+00-0.00000000E+00-0.00000000E+00
58  8-5.33526982E-02-0.00000000E+00-0.00000000E+00-6.92517093E-01-1.81132925E-01
58  9 4.13565300E-01-7.66892640E-01 2.94400653E-11-0.00000000E+00-0.00000000E+00
58 10 5.37617652E-01 2.75495874E-02 1.24505811E-11-5.20269277E-01-1.37414845E-01
58 11 5.37617652E-01 2.75495874E-02-1.24504610E-11 5.20269277E-01-1.37414845E-01
58 12 5.37617652E-01 2.75495874E-02-5.20269277E-01-1.24506241E-11 1.37414845E-01
58 13 5.37617652E-01 2.75495874E-02 5.20269277E-01 1.24506921E-11 1.37414845E-01
59  1 4.95962365E-01 1.13198970E+00-8.22544132E-01 0.00000000E+00 0.00000000E+00
59  2 0.00000000E+00 0.00000000E+00 0.00000000E+00 0.00000000E+00-4.87616069E-01
59  3-4.87616069E-01 4.74596809E-01 0.00000000E+00 0.00000000E+00 0.00000000E+00
59  4-2.46535501E-02 2.79366514E-01 1.92418787E+00 0.00000000E+00 0.00000000E+00
59  5 7.51737504E-01 0.00000000E+00 0.00000000E+00-6.26869060E-02-6.24679840E-01
59  6 5.78637498E-01-1.02314351E+00 4.17932792E-11 0.00000000E+00 0.00000000E+00
59  7-2.46535501E-02 2.79366514E-01 1.92418787E+00 0.00000000E+00 0.00000000E+00
59  8-7.51737504E-01 0.00000000E+00 0.00000000E+00 6.26869060E-02 5.78637498E-01
59  9-6.24679840E-01-1.02314351E+00-4.17932459E-11 0.00000000E+00 0.00000000E+00
59 10-6.07136627E-01-3.38175581E-01-2.89005455E-11 2.97306743E-01 5.85864514E-01
59 11-6.07136627E-01-3.38175581E-01 2.89003948E-11-2.97306743E-01 5.85864514E-01
59 12-6.07136627E-01-3.38175581E-01 2.97306743E-01 2.89004986E-11-5.85864514E-01
59 13-6.07136627E-01-3.38175581E-01-2.97306743E-01-2.89005130E-11-5.85864514E-01
60  1-0.00000000E+00-0.00000000E+00-0.00000000E+00-0.00000000E+00-0.00000000E+00
60  2-8.53389304E-01-0.00000000E+00-0.00000000E+00 5.24757675E+00-2.31442719E-01
60  3 2.31442719E-01-0.00000000E+00 2.18452598E-11-0.00000000E+00-0.00000000E+00
60  4 1.20280308E-02-3.41343527E-01-5.91465444E+00-0.00000000E+00-0.00000000E+00
60  5-4.51180284E-01-0.00000000E+00-0.00000000E+00 1.53238529E+00 8.16401965E-01
60  6-6.43742502E-01 1.02776387E+00-2.80804587E-11-0.00000000E+00-0.00000000E+00
60  7-1.20280308E-02 3.41343527E-01 5.91465444E+00-0.00000000E+00-0.00000000E+00
60  8-4.51180284E-01-0.00000000E+00-0.00000000E+00 1.53238529E+00 6.43742502E-01
60  9-8.16401965E-01-1.02776387E+00-2.80804633E-11-0.00000000E+00-0.00000000E+00
60 10 7.39086616E-01 1.85928301E-01 1.77110214E-11-2.47570616E-01-5.85395294E-01
60 11 7.39086616E-01 1.85928301E-01-1.77112009E-11 2.47570616E-01-5.85395294E-01
60 12-7.39086616E-01-1.85928301E-01 2.47570616E-01 1.77112885E-11-5.85395294E-01
60 13-7.39086616E-01-1.85928301E-01-2.47570616E-01-1.77109382E-11-5.85395294E-01
61  1-0.00000000E+00-0.00000000E+00-0.00000000E+00-2.19967370E-01 1.85243530E-01
61  2-0.00000000E+00 1.64512471E-01-1.38542689E-01-0.00000000E+00-0.00000000E+00
61  3-0.00000000E+00-0.00000000E+00-0.00000000E+00 9.18575540E-01 7.73570078E-01
61  4-0.00000000E+00-0.00000000E+00-0.00000000E+00-2.04067320E-01 5.99262698E-01
61  5-0.00000000E+00-1.28440504E-01 5.06125594E-01-0.00000000E+00-0.00000000E+00
61  6-0.00000000E+00-0.00000000E+00-0.00000000E+00 4.36351726E-01 1.32704946E+00
61  7-0.00000000E+00-0.00000000E+00-0.00000000E+00-7.11594299E-01 1.71853447E-01
61  8-0.00000000E+00-6.00998674E-01 1.08165008E-01-0.00000000E+00-0.00000000E+00
61  9-0.00000000E+00-0.00000000E+00-0.00000000E+00 1.57580445E+00 3.67469657E-01
61 10-8.85807832E-01-2.17362775E-01-4.99953726E-02 6.16702040E-01 1.36896689E-01
61 11 8.85807832E-01 2.17362775E-01-4.99953726E-02 6.16702040E-01-1.36896689E-01
61 12 1.05185222E+00 2.58107358E-01-7.32302639E-01 4.21031506E-02 1.62557929E-01
61 13-1.05185222E+00-2.58107358E-01-7.32302639E-01 4.21031506E-02-1.62557929E-01
62  1 0.00000000E+00 0.00000000E+00 0.00000000E+00 1.85243530E-01 2.19967370E-01
62  2 0.00000000E+00-1.38542689E-01-1.64512471E-01 0.00000000E+00 0.00000000E+00
62  3 0.00000000E+00 0.00000000E+00 0.00000000E+00-7.73570078E-01 9.18575540E-01
62  4 0.00000000E+00 0.00000000E+00 0.00000000E+00 1.71853447E-01 7.11594299E-01
62  5 0.00000000E+00 1.08165008E-01 6.00998674E-01 0.00000000E+00 0.00000000E+00
62  6 0.00000000E+00 0.00000000E+00 0.00000000E+00-3.67469657E-01 1.57580445E+00
62  7 0.00000000E+00 0.00000000E+00 0.00000000E+00 5.99262698E-01 2.04067320E-01
62  8 0.00000000E+00 5.06125594E-01 1.28440504E-01 0.00000000E+00 0.00000000E+00
62  9 0.00000000E+00 0.00000000E+00 0.00000000E+00-1.32704946E+00 4.36351726E-01
62 10-1.05185222E+00-2.58107358E-01 4.21031506E-02 7.32302639E-01 1.62557929E-01
62 11 1.05185222E+00 2.58107358E-01 4.21031506E-02 7.32302639E-01-1.62557929E-01
62 12-8.85807832E-01-2.17362775E-01 6.16702040E-01 4.99953726E-02-1.36896689E-01
62 13 8.85807832E-01 2.17362775E-01 6.16702040E-01 4.99953726E-02 1.36896689E-01
63  1-2.68748278E-01-4.67249478E-01 3.21529415E+00-0.00000000E+00-0.00000000E+00
63  2-0.00000000E+00-0.00000000E+00-0.00000000E+00-0.00000000E+00-4.06236461E-01
63  3-4.06236461E-01 9.41404937E-01-0.00000000E+00-0.00000000E+00-0.00000000E+00
63  4-2.49279135E-02-6.67314412E-01-2.76581412E+00-0.00000000E+00-0.00000000E+00
63  5 7.42166300E-01-0.00000000E+00-0.00000000E+00 6.18449264E-01 8.52241502E-01
63  6 1.35478370E+00 8.08376470E-01 3.15559624E-11-0.00000000E+00-0.00000000E+00
63  7-2.49279135E-02-6.67314412E-01-2.76581412E+00-0.00000000E+00-0.00000000E+00
63  8-7.42166300E-01-0.00000000E+00-0.00000000E+00-6.18449264E-01 1.35478370E+00
63  9 8.52241502E-01 8.08376470E-01-3.15559602E-11-0.00000000E+00-0.00000000E+00
63 10-4.48057115E-01 2.14857962E-01-1.34689289E-11 3.06744714E-01 1.95457157E-01
63 11-4.48057115E-01 2.14857962E-01 1.34688626E-11-3.06744714E-01 1.95457157E-01
63 12-4.48057115E-01 2.14857962E-01 3.06744714E-01 1.34689002E-11-1.95457157E-01
63 13-4.48057115E-01 2.14857962E-01-3.06744714E-01-1.34688955E-11-1.95457157E-01
64  1 0.00000000E+00 0.00000000E+00 0.00000000E+00 0.00000000E+00 0.00000000E+00
64  2 6.12398834E-01 0.00000000E+00 0.00000000E+00 2.02547143E+00-2.12150516E-01
64  3 2.12150516E-01 0.00000000E+00-1.88283032E-11 0.00000000E+00 0.00000000E+00
64  4-2.84459335E-01 8.40730743E-02 4.60450852E-02 0.00000000E+00 0.00000000E+00
64  5-2.53750480E-01 0.00000000E+00 0.00000000E+00 5.02633271E-01-6.06617968E-01
64  6-1.75218824E+00-1.27428340E+00-5.32485850E-11 0.00000000E+00 0.00000000E+00
64  7 2.84459335E-01-8.40730743E-02-4.60450852E-02 0.00000000E+00 0.00000000E+00
64  8-2.53750480E-01 0.00000000E+00 0.00000000E+00 5.02633271E-01 1.75218824E+00
64  9 6.06617968E-01 1.27428340E+00-5.32486006E-11 0.00000000E+00 0.00000000E+00
64 10 8.87208098E-01-3.14091339E-01 2.01153906E-11-5.23177848E-01-3.49332668E-01
64 11 8.87208098E-01-3.14091339E-01-2.01153876E-11 5.23177848E-01-3.49332668E-01
64 12-8.87208098E-01 3.14091339E-01 5.23177848E-01 2.01153857E-11-3.49332668E-01
64 13-8.87208098E-01 3.14091339E-01-5.23177848E-01-2.01153753E-11-3.49332668E-01
65  1 5.34434858E-01 2.19990583E-01-2.88265365E+00-0.00000000E+00-0.00000000E+00
65  2-0.00000000E+00-0.00000000E+00-0.00000000E+00-0.00000000E+00 6.02791622E-01
65  3 6.02791622E-01 3.85557301E+00-0.00000000E+00-0.00000000E+00-0.00000000E+00
65  4-9.95573890E-01-1.49673774E+00 2.00853809E+00-0.00000000E+00-0.00000000E+00
65  5 1.14293380E+00-0.00000000E+00-0.00000000E+00-3.41233342E-01-2.95732246E-01
65  6-8.53447529E-01-1.52425540E+00-1.33893221E-11-0.00000000E+00-0.00000000E+00
65  7-9.95573890E-01-1.49673774E+00 2.00853809E+00-0.00000000E+00-0.00000000E+00
65  8-1.14293380E+00-0.00000000E+00-0.00000000E+00 3.41233342E-01-8.53447529E-01
65  9-2.95732246E-01-1.52425540E+00 1.33893220E-11-0.00000000E+00-0.00000000E+00
65 10 5.01954025E-01-1.36062400E-01 1.48473007E-11-4.15425754E-01-1.96071611E-01
65 11 5.01954025E-01-1.36062400E-01-1.48472701E-11 4.15425754E-01-1.96071611E-01
65 12 5.01954025E-01-1.36062400E-01-4.15425754E-01-1.48472903E-11 1.96071611E-01
65 13 5.01954025E-01-1.36062400E-01 4.15425754E-01 1.48472806E-11 1.96071611E-01
 $END   
 POPULATION ANALYSIS
C            6.20010  -0.20010   6.01227  -0.01227
C            6.05061  -0.05061   6.19450  -0.19450
C            6.05061  -0.05061   6.19450  -0.19450
H            0.92467   0.07533   0.89968   0.10032
H            0.92467   0.07533   0.89968   0.10032
H            0.92467   0.07533   0.89968   0.10032
H            0.92467   0.07533   0.89968   0.10032
 MOMENTS AT POINT    1 X,Y,Z=  0.000000  0.000000  0.000000
 DIPOLE       0.000000 -0.000000  0.000000
